Date,Open,High,Low,Close,Adj Close,Volume
2012-01-03,101.33000183105469,101.58999633789062,98.75,98.83999633789062,69.51508331298828,8895900
2012-01-04,99.11000061035156,100.30000305175781,98.76000213623047,99.38999938964844,69.90193176269531,6754700
2012-01-05,99.47000122070312,100.4000015258789,98.68000030517578,99.83000183105469,70.21136474609375,8163800
2012-01-06,100.08999633789062,100.7699966430664,99.87000274658203,100.5999984741211,70.7529296875,6775300
2012-01-09,100.87999725341797,100.93000030517578,99.51000213623047,99.63999938964844,70.07774353027344,4433700
2012-01-10,100.23999786376953,100.44999694824219,99.3499984741211,99.69999694824219,70.11992645263672,5075400
2012-01-11,99.62000274658203,100.11000061035156,99.3499984741211,99.93000030517578,70.28169250488281,4622500
2012-01-12,100.37000274658203,100.6500015258789,100.06999969482422,100.56999969482422,70.73181915283203,4022700
2012-01-13,100.18000030517578,100.43000030517578,99.61000061035156,100.3499984741211,70.57709503173828,4134800
2012-01-17,100.58999633789062,101.19999694824219,100.05000305175781,100.55000305175781,70.71773529052734,4555800
2012-01-18,100.9000015258789,101.87000274658203,100.73999786376953,101.55999755859375,71.42809295654297,4844500
2012-01-19,101.7699966430664,101.80000305175781,100.69999694824219,101.26000213623047,71.21710968017578,4763300
2012-01-20,101.38999938964844,102.22000122070312,101.2699966430664,101.73999786376953,71.5546875,5630400
2012-01-23,101.70999908447266,101.88999938964844,100.04000091552734,100.94999694824219,70.99907684326172,6059700
2012-01-24,101.0199966430664,101.0199966430664,98.41000366210938,98.75,69.45182800292969,11654100
2012-01-25,98.41000366210938,99.51000213623047,98.05000305175781,99.2300033569336,69.78939056396484,7544000
2012-01-26,99.54000091552734,99.70999908447266,98.69000244140625,99.18000030517578,69.75424194335938,4607100
2012-01-27,98.56999969482422,98.94000244140625,98.3499984741211,98.69000244140625,69.40960693359375,5135000
2012-01-30,98.04000091552734,98.80999755859375,97.69999694824219,98.69000244140625,69.40960693359375,6104900
2012-01-31,99.04000091552734,99.26000213623047,98.25,99.05000305175781,69.66278076171875,6574200
2012-02-01,99.45999908447266,99.48999786376953,98.36000061035156,98.4000015258789,69.20565795898438,6141300
2012-02-02,98.26000213623047,98.81999969482422,98.26000213623047,98.62000274658203,69.36038208007812,3984000
2012-02-03,99.18000030517578,100.2699966430664,99.04000091552734,100.01000213623047,70.33796691894531,5600900
2012-02-06,99.95999908447266,100.0,99.33999633789062,99.48999786376953,69.97225189208984,3486600
2012-02-07,99.56999969482422,101.18000030517578,99.55999755859375,100.91000366210938,70.97093963623047,6029900
2012-02-08,101.12000274658203,101.29000091552734,99.5999984741211,100.05000305175781,70.3660888671875,5433600
2012-02-09,100.05999755859375,100.45999908447266,99.69999694824219,99.98999786376953,70.32392120361328,3608800
2012-02-10,99.5199966430664,99.66000366210938,98.94000244140625,99.47000122070312,69.95818328857422,3874700
2012-02-13,99.72000122070312,99.91999816894531,99.27999877929688,99.6500015258789,70.08475494384766,2971100
2012-02-14,99.51000213623047,99.63999938964844,98.94999694824219,99.55000305175781,70.01446533203125,3520800
2012-02-15,99.66000366210938,99.75,98.30999755859375,98.61000061035156,69.35334014892578,5260500
2012-02-16,98.36000061035156,99.44000244140625,98.36000061035156,99.26000213623047,69.81049346923828,3996300
2012-02-17,99.66000366210938,100.25,99.41000366210938,99.98999786376953,70.32392120361328,4931700
2012-02-21,100.12000274658203,100.75,100.0,100.48999786376953,70.67557525634766,4474800
2012-02-22,100.1500015258789,100.75,100.1500015258789,100.66000366210938,70.79511260986328,3918900
2012-02-23,100.80999755859375,101.04000091552734,100.4000015258789,100.80999755859375,70.90062713623047,4166500
2012-02-24,100.76000213623047,100.76000213623047,100.05000305175781,100.31999969482422,70.55599212646484,3661800
2012-02-27,100.02999877929688,100.75,99.5,100.36000061035156,70.58412170410156,4044500
2012-02-28,99.7699966430664,100.0999984741211,99.5,99.77999877929688,70.66912078857422,4365800
2012-02-29,99.86000061035156,99.87999725341797,99.26000213623047,99.27999877929688,70.31501007080078,5461000
2012-03-01,99.27999877929688,99.68000030517578,99.13999938964844,99.25,70.29374694824219,4086100
2012-03-02,99.2699966430664,99.63999938964844,98.95999908447266,99.5,70.4708023071289,4311700
2012-03-05,99.41999816894531,100.3499984741211,98.83999633789062,99.94000244140625,70.78244018554688,6313200
2012-03-06,99.18000030517578,100.19999694824219,99.0999984741211,99.88999938964844,70.74702453613281,6713900
2012-03-07,100.0,100.44000244140625,99.54000091552734,100.18000030517578,70.95243072509766,5873500
2012-03-08,97.0,97.6500015258789,96.45999908447266,96.95999908447266,68.6718521118164,16841200
2012-03-09,97.44999694824219,97.5999984741211,96.52999877929688,96.83999633789062,68.58687591552734,7808700
2012-03-12,97.05000305175781,97.4800033569336,96.58000183105469,96.66000366210938,68.45940399169922,4503100
2012-03-13,96.98999786376953,97.29000091552734,96.37000274658203,96.77999877929688,68.54436492919922,6350900
2012-03-14,96.69000244140625,97.44000244140625,96.68000030517578,97.29000091552734,68.90557861328125,7209100
2012-03-15,97.1500015258789,98.19000244140625,97.1500015258789,98.04000091552734,69.4367446899414,5768200
2012-03-16,98.41999816894531,98.55000305175781,97.56999969482422,97.66000366210938,69.1676254272461,7337000
2012-03-19,97.36000061035156,98.0999984741211,97.31999969482422,97.7300033569336,69.21722412109375,4634500
2012-03-20,97.45999908447266,97.8499984741211,97.06999969482422,97.6500015258789,69.16053771972656,4757100
2012-03-21,97.52999877929688,97.81999969482422,96.72000122070312,96.72000122070312,68.50187683105469,6038600
2012-03-22,96.12999725341797,96.4800033569336,95.7699966430664,95.80000305175781,67.85027313232422,7721200
2012-03-23,95.91000366210938,95.94000244140625,95.12999725341797,95.55000305175781,67.67321014404297,6041500
2012-03-26,96.16000366210938,97.02999877929688,96.0999984741211,96.97000122070312,68.67892456054688,5644100
2012-03-27,97.29000091552734,97.83000183105469,97.06999969482422,97.33999633789062,68.94100189208984,4877500
2012-03-28,97.5199966430664,97.83999633789062,97.05999755859375,97.08000183105469,68.75684356689453,5055400
2012-03-29,96.94999694824219,97.69999694824219,96.93000030517578,97.63999938964844,69.15345001220703,4103600
2012-03-30,97.87999725341797,98.25,97.76000213623047,98.0999984741211,69.47926330566406,4429500
2012-04-02,97.81999969482422,98.80999755859375,97.68000030517578,98.36000061035156,69.66338348388672,4603000
2012-04-03,98.30999755859375,99.41000366210938,98.30000305175781,99.4000015258789,70.39998626708984,5422200
2012-04-04,98.25,98.56999969482422,97.1500015258789,97.4800033569336,69.04014587402344,7768300
2012-04-05,97.12999725341797,98.66000366210938,97.06999969482422,98.62000274658203,69.84756469726562,5469400
2012-04-09,97.73999786376953,99.5,97.63999938964844,98.87999725341797,70.03169250488281,6712700
2012-04-10,98.77999877929688,98.77999877929688,97.30999755859375,97.66999816894531,69.1747055053711,7581600
2012-04-11,98.29000091552734,98.7300033569336,97.5,98.55999755859375,69.8050308227539,6366600
2012-04-12,98.72000122070312,98.75,97.3499984741211,97.63999938964844,69.15345001220703,5763900
2012-04-13,97.5199966430664,97.80000305175781,96.95999908447266,96.97000122070312,68.67892456054688,5223700
2012-04-16,97.08999633789062,97.9000015258789,96.31999969482422,96.58000183105469,68.40271759033203,6236300
2012-04-17,96.91999816894531,97.58000183105469,96.91000366210938,97.11000061035156,68.7780990600586,7592700
2012-04-18,97.0199966430664,97.9800033569336,97.0199966430664,97.33999633789062,68.94100189208984,5388700
2012-04-19,97.16000366210938,97.23999786376953,94.12999725341797,95.27999877929688,67.48200988769531,13939100
2012-04-20,96.91000366210938,97.7699966430664,95.6500015258789,95.94000244140625,67.9494400024414,11021200
2012-04-23,95.77999877929688,95.93000030517578,94.8499984741211,95.19000244140625,67.41824340820312,5217500
2012-04-24,95.01000213623047,95.44999694824219,94.1500015258789,94.58999633789062,66.9933090209961,6223800
2012-04-25,95.1500015258789,95.23999786376953,94.77999877929688,95.22000122070312,67.43949890136719,5699600
2012-04-26,94.94000244140625,96.06999969482422,94.94000244140625,95.83000183105469,67.87151336669922,4741200
2012-04-27,96.2300033569336,97.52999877929688,95.80000305175781,97.37999725341797,68.96929931640625,7373300
2012-04-30,97.61000061035156,97.75,97.08999633789062,97.44999694824219,69.01891326904297,4507200
2012-05-01,97.2300033569336,98.01000213623047,97.12999725341797,97.19999694824219,68.8418197631836,5297900
2012-05-02,96.9000015258789,97.70999908447266,96.9000015258789,97.51000213623047,69.06138610839844,4348300
2012-05-03,97.47000122070312,97.58000183105469,96.79000091552734,97.04000091552734,68.72853088378906,3935200
2012-05-04,96.8499984741211,96.8499984741211,95.75,95.87000274658203,67.89986419677734,4688500
2012-05-07,95.7300033569336,96.02999877929688,95.19999694824219,95.51000213623047,67.6449203491211,5089700
2012-05-08,93.9000015258789,94.87000274658203,92.97000122070312,93.55000305175781,66.2567367553711,12379500
2012-05-09,92.98999786376953,93.08999633789062,91.55999755859375,91.93000030517578,65.10935974121094,8975700
2012-05-10,92.69999694824219,92.7300033569336,91.7300033569336,91.87000274658203,65.06685638427734,7129500
2012-05-11,91.69000244140625,92.5999984741211,91.66999816894531,91.9000015258789,65.08809661865234,5366500
2012-05-14,91.54000091552734,91.69000244140625,90.66000366210938,90.87999725341797,64.36571502685547,6050000
2012-05-15,90.98999786376953,91.73999786376953,90.8499984741211,91.01000213623047,64.45777130126953,4890300
2012-05-16,91.12000274658203,91.69000244140625,90.9800033569336,91.43000030517578,64.7552490234375,4949100
2012-05-17,91.27999877929688,91.58000183105469,89.5,89.62000274658203,63.473323822021484,9094100
2012-05-18,90.20999908447266,91.11000061035156,89.69000244140625,89.8499984741211,63.63617706298828,7990700
2012-05-21,90.01000213623047,91.31999969482422,89.88999938964844,91.2699966430664,64.64191436767578,6622500
2012-05-22,91.95999908447266,91.95999908447266,91.0,91.33999633789062,64.69149780273438,5063400
2012-05-23,90.97000122070312,91.56999969482422,90.66999816894531,91.4800033569336,64.79066467285156,4236500
2012-05-24,91.86000061035156,92.11000061035156,90.83000183105469,91.52999877929688,64.82606506347656,5010000
2012-05-25,91.6500015258789,91.80000305175781,90.80999755859375,91.05000305175781,64.4861068725586,3681300
2012-05-29,91.41000366210938,91.7300033569336,90.26000213623047,90.9000015258789,64.37987518310547,5380300
2012-05-30,90.4000015258789,90.5199966430664,89.8499984741211,90.11000061035156,63.82032775878906,5375600
2012-05-31,89.88999938964844,90.26000213623047,89.26000213623047,89.33999633789062,63.77037811279297,6816400
2012-06-01,87.47000122070312,88.12999725341797,86.5,86.70999908447266,61.89311218261719,10832500
2012-06-04,86.5999984741211,86.77999877929688,86.01000213623047,86.31999969482422,61.614723205566406,7035200
2012-06-05,86.22000122070312,87.41000366210938,86.01000213623047,87.08000183105469,62.15719985961914,7237300
2012-06-06,87.91999816894531,88.66000366210938,87.44000244140625,88.66000366210938,63.285030364990234,5936000
2012-06-07,89.5999984741211,89.77999877929688,88.01000213623047,88.37999725341797,63.085147857666016,8321500
2012-06-08,86.4000015258789,88.2699966430664,85.91999816894531,87.75,62.63545608520508,12060100
2012-06-11,88.9800033569336,89.05000305175781,86.58999633789062,86.58999633789062,61.80743408203125,9511900
2012-06-12,87.0,87.58999633789062,86.66999816894531,87.51000213623047,62.464141845703125,7762000
2012-06-13,86.94999694824219,88.94000244140625,86.87999725341797,87.97000122070312,62.79248046875,8838500
2012-06-14,88.48999786376953,89.91999816894531,88.12000274658203,89.72000122070312,64.0416259765625,7646300
2012-06-15,90.13999938964844,90.76000213623047,89.7300033569336,90.5,64.598388671875,9516800
2012-06-18,90.5999984741211,90.62000274658203,89.91999816894531,90.23999786376953,64.41279602050781,6343400
2012-06-19,89.97000122070312,90.25,89.20999908447266,89.5999984741211,63.95597457885742,7601600
2012-06-20,89.58999633789062,89.66999816894531,88.16000366210938,88.6500015258789,63.27786636352539,7917500
2012-06-21,89.08999633789062,89.1500015258789,87.52999877929688,87.63999938964844,62.55693435668945,5762200
2012-06-22,88.19000244140625,88.58999633789062,87.9800033569336,88.3499984741211,63.063724517822266,5325400
2012-06-25,88.0,88.33000183105469,87.69999694824219,88.12000274658203,62.89955520629883,4524400
2012-06-26,88.56999969482422,89.43000030517578,88.55000305175781,89.0999984741211,63.599082946777344,4488500
2012-06-27,89.26000213623047,89.5,88.04000091552734,88.33000183105469,63.0494270324707,5940300
2012-06-28,88.0199966430664,88.26000213623047,87.37999725341797,88.18000030517578,62.94240188598633,4922600
2012-06-29,89.08000183105469,89.19000244140625,88.05999755859375,88.52999877929688,63.192203521728516,6364700
2012-07-02,88.41000366210938,88.41000366210938,87.6500015258789,88.08000183105469,62.871009826660156,5088100
2012-07-03,88.20999908447266,88.7300033569336,87.94999694824219,88.58000183105469,63.227882385253906,4597000
2012-07-05,88.79000091552734,89.9800033569336,88.69999694824219,89.30000305175781,63.741817474365234,5794300
2012-07-06,89.22000122070312,89.93000030517578,89.11000061035156,89.66000366210938,63.99878692626953,4533200
2012-07-09,89.63999938964844,89.94999694824219,89.33000183105469,89.80000305175781,64.09874725341797,3785000
2012-07-10,90.02999877929688,90.87000274658203,89.6500015258789,90.25,64.4199447631836,6615500
2012-07-11,90.68000030517578,90.80999755859375,89.0,89.52999877929688,63.9060173034668,6230300
2012-07-12,89.2699966430664,92.5,89.19000244140625,91.93000030517578,65.61910247802734,11741900
2012-07-13,92.2699966430664,92.69000244140625,92.06999969482422,92.29000091552734,65.87606048583984,6163500
2012-07-16,92.1500015258789,92.2699966430664,91.5,91.6500015258789,65.41924285888672,3601300
2012-07-17,91.98999786376953,92.3499984741211,91.20999908447266,91.88999938964844,65.59054565429688,3753800
2012-07-18,91.44000244140625,92.2300033569336,91.0,92.22000122070312,65.82610321044922,5962700
2012-07-19,92.58999633789062,93.31999969482422,92.05000305175781,92.76000213623047,66.2115478515625,7430800
2012-07-20,92.08999633789062,92.29000091552734,91.4000015258789,91.58000183105469,65.36927795410156,7269800
2012-07-23,89.22000122070312,89.8499984741211,88.25,88.94000244140625,63.484893798828125,12127900
2012-07-24,89.16000366210938,89.47000122070312,87.62000274658203,88.05999755859375,62.85671615600586,7036800
2012-07-25,88.36000061035156,88.45999908447266,87.83999633789062,88.04000091552734,62.84245681762695,4262200
2012-07-26,89.19000244140625,89.47000122070312,88.58999633789062,89.0,63.5276985168457,4517500
2012-07-27,89.33999633789062,89.69000244140625,88.6500015258789,89.19000244140625,63.66331481933594,5932500
2012-07-30,89.31999969482422,89.66999816894531,89.12000274658203,89.33000183105469,63.76323699951172,4431600
2012-07-31,89.11000061035156,89.76000213623047,88.80999755859375,89.36000061035156,63.7846565246582,4596900
2012-08-01,89.48999786376953,89.8499984741211,89.30000305175781,89.43000030517578,63.83460998535156,4133600
2012-08-02,89.06999969482422,89.69000244140625,88.55999755859375,89.58999633789062,63.94882583618164,4332700
2012-08-03,90.16999816894531,90.36000061035156,89.29000091552734,89.58999633789062,63.94882583618164,4873000
2012-08-06,89.7699966430664,90.43000030517578,89.5,89.69000244140625,64.02021789550781,3490200
2012-08-07,89.70999908447266,90.12000274658203,88.97000122070312,89.01000213623047,63.53482437133789,5341900
2012-08-08,86.87000274658203,87.9800033569336,86.1500015258789,87.52999877929688,62.47841262817383,14424800
2012-08-09,87.58000183105469,87.95999908447266,87.08999633789062,87.1500015258789,62.20716857910156,6023500
2012-08-10,87.25,88.2300033569336,87.19999694824219,88.19999694824219,62.956642150878906,5747400
2012-08-13,88.45999908447266,88.4800033569336,87.72000122070312,87.9000015258789,62.74248123168945,4308100
2012-08-14,88.06999969482422,88.27999877929688,87.91999816894531,88.12000274658203,62.89955520629883,3828200
2012-08-15,88.2699966430664,88.38999938964844,87.75,87.80999755859375,62.67827224731445,4346200
2012-08-16,87.94000244140625,88.05000305175781,87.44000244140625,87.45999908447266,62.428443908691406,5568000
2012-08-17,87.68000030517578,87.86000061035156,87.27999877929688,87.36000061035156,62.35707092285156,6704300
2012-08-20,87.16999816894531,88.22000122070312,87.16000366210938,88.16999816894531,62.935237884521484,4823500
2012-08-21,88.26000213623047,89.0,88.05000305175781,88.5199966430664,63.18507385253906,4414200
2012-08-22,88.62999725341797,88.80000305175781,88.26000213623047,88.55000305175781,63.20651626586914,4269000
2012-08-23,88.66000366210938,88.94999694824219,88.12999725341797,88.25,62.992347717285156,3005900
2012-08-24,88.20999908447266,89.0,88.0999984741211,88.91999816894531,63.470584869384766,3508000
2012-08-27,89.12999725341797,89.81999969482422,89.01000213623047,89.54000091552734,63.91312026977539,4313800
2012-08-28,89.44000244140625,89.75,88.95999908447266,89.13999938964844,63.62763595581055,4428700
2012-08-29,89.08999633789062,89.80999755859375,89.01000213623047,89.6500015258789,63.991668701171875,4292200
2012-08-30,88.83999633789062,89.0199966430664,88.5999984741211,88.69999694824219,63.811805725097656,4567900
2012-08-31,89.04000091552734,89.86000061035156,88.9000015258789,89.48999786376953,64.38014221191406,6063800
2012-09-04,89.51000213623047,89.51000213623047,88.70999908447266,89.05000305175781,64.06360626220703,4287000
2012-09-05,89.30000305175781,89.45999908447266,88.8499984741211,89.05999755859375,64.07079315185547,3597800
2012-09-06,89.58999633789062,90.79000091552734,89.55999755859375,90.66999816894531,65.22903442382812,5925100
2012-09-07,91.08000183105469,91.08000183105469,90.41999816894531,91.0199966430664,65.4808349609375,4889600
2012-09-10,90.94999694824219,91.5,90.9000015258789,91.30000305175781,65.6822738647461,5008200
2012-09-11,91.87000274658203,92.0999984741211,91.16999816894531,91.19999694824219,65.6103286743164,5595500
2012-09-12,91.47000122070312,91.6500015258789,90.61000061035156,90.81999969482422,65.33695220947266,5363400
2012-09-13,90.54000091552734,91.88999938964844,90.54000091552734,91.56999969482422,65.87651062011719,5666500
2012-09-14,91.87000274658203,92.12000274658203,91.47000122070312,91.69999694824219,65.97002410888672,6395000
2012-09-17,91.75,92.43000030517578,91.72000122070312,92.13999938964844,66.28658294677734,5294600
2012-09-18,92.04000091552734,93.0999984741211,92.0,93.08000183105469,66.96284484863281,5272900
2012-09-19,93.23999786376953,93.44999694824219,92.76000213623047,92.83000183105469,66.7829818725586,3979900
2012-09-20,92.77999877929688,93.19999694824219,92.75,93.1500015258789,67.01317596435547,3981400
2012-09-21,93.62999725341797,93.91000366210938,93.38999938964844,93.70999908447266,67.41604614257812,7247700
2012-09-24,93.33000183105469,93.91999816894531,93.16000366210938,93.70999908447266,67.41604614257812,3722000
2012-09-25,93.91000366210938,94.0,92.81999969482422,92.86000061035156,66.8045425415039,4714600
2012-09-26,92.88999938964844,93.3499984741211,92.87999725341797,93.19999694824219,67.04915618896484,4392000
2012-09-27,93.37999725341797,93.62999725341797,93.12000274658203,93.2699966430664,67.09952545166016,3840400
2012-09-28,92.01000213623047,92.01000213623047,90.4000015258789,91.75,66.00601196289062,9523600
2012-10-01,92.11000061035156,92.5,91.88999938964844,91.98999786376953,66.1786880493164,4939800
2012-10-02,92.16999816894531,92.2300033569336,90.72000122070312,90.93000030517578,65.41607666015625,5979500
2012-10-03,91.0999984741211,91.25,90.2699966430664,90.3499984741211,64.99884033203125,6337400
2012-10-04,90.9000015258789,91.19000244140625,90.58999633789062,91.02999877929688,65.48802947998047,4478300
2012-10-05,91.48999786376953,91.55999755859375,90.69999694824219,91.0,65.46642303466797,4166200
2012-10-08,90.97000122070312,91.6500015258789,90.80999755859375,91.54000091552734,65.85492706298828,3894900
2012-10-09,91.45999908447266,92.5999984741211,91.41999816894531,92.11000061035156,66.26499938964844,7048900
2012-10-10,92.94000244140625,93.37000274658203,92.36000061035156,92.4000015258789,66.4736328125,6712100
2012-10-11,92.66000366210938,93.0,92.36000061035156,92.36000061035156,66.44486236572266,4274400
2012-10-12,92.56999969482422,92.69999694824219,92.3499984741211,92.51000213623047,66.55276489257812,3411100
2012-10-15,92.77999877929688,93.73999786376953,92.6500015258789,93.5,67.26498413085938,5630700
2012-10-16,93.97000122070312,94.08999633789062,93.63999938964844,94.08999633789062,67.68943786621094,4678900
2012-10-17,93.95999908447266,94.16000366210938,93.25,93.68000030517578,67.39447021484375,5623700
2012-10-18,93.66999816894531,93.75,92.61000061035156,92.86000061035156,66.8045425415039,6817600
2012-10-19,90.06999969482422,90.25,88.55000305175781,88.72000122070312,63.82621383666992,19495400
2012-10-22,88.86000061035156,89.08000183105469,87.8499984741211,88.44999694824219,63.6319465637207,8142400
2012-10-23,88.0199966430664,88.37999725341797,87.31999969482422,87.95999908447266,63.279449462890625,7763800
2012-10-24,88.44999694824219,88.44999694824219,87.08999633789062,87.27999877929688,62.79025650024414,6498000
2012-10-25,87.77999877929688,87.79000091552734,86.97000122070312,87.33000183105469,62.82622146606445,4978800
2012-10-26,87.45999908447266,87.55999755859375,86.62000274658203,86.70999908447266,62.380184173583984,7684500
2012-10-31,87.4800033569336,87.54000091552734,86.37000274658203,86.80000305175781,62.444908142089844,6899300
2012-11-01,87.0,87.0999984741211,86.4000015258789,86.80000305175781,62.444908142089844,7374900
2012-11-02,87.3499984741211,87.9000015258789,86.76000213623047,86.86000061035156,62.48808670043945,7908400
2012-11-05,86.97000122070312,87.62999725341797,86.69999694824219,87.45999908447266,62.91972351074219,5039100
2012-11-06,87.73999786376953,88.12999725341797,87.62999725341797,87.97000122070312,63.28662109375,5581600
2012-11-07,87.80999755859375,87.9800033569336,86.69999694824219,86.86000061035156,62.48808670043945,5971900
2012-11-08,86.38999938964844,87.0,84.95999908447266,85.12999725341797,61.243492126464844,11398400
2012-11-09,84.47000122070312,85.0999984741211,84.05000305175781,84.73999786376953,60.96294021606445,11030400
2012-11-12,84.94999694824219,85.30000305175781,84.5999984741211,84.87999725341797,61.06366729736328,4101900
2012-11-13,84.76000213623047,85.27999877929688,84.5199966430664,84.63999938964844,60.8910026550293,4842300
2012-11-14,84.8499984741211,85.61000061035156,84.18000030517578,84.62000274658203,60.87660598754883,8157000
2012-11-15,84.38999938964844,84.73999786376953,83.61000061035156,84.05000305175781,60.466529846191406,7639100
2012-11-16,84.16999816894531,84.38999938964844,83.30999755859375,84.12000274658203,60.51691436767578,6909300
2012-11-19,84.54000091552734,85.05000305175781,84.37000274658203,85.04000091552734,61.17876052856445,5559800
2012-11-20,85.16999816894531,86.16999816894531,85.0999984741211,85.68000030517578,61.63917541503906,5822800
2012-11-21,86.05999755859375,86.26000213623047,85.29000091552734,86.01000213623047,61.8765983581543,3900700
2012-11-23,86.7699966430664,87.06999969482422,86.55999755859375,87.05000305175781,62.624778747558594,2474400
2012-11-26,86.52999877929688,86.66999816894531,85.80000305175781,86.23999786376953,62.04203796386719,5619200
2012-11-27,86.23999786376953,86.45999908447266,85.81999969482422,85.91999816894531,61.811824798583984,4633200
2012-11-28,85.91000366210938,86.66000366210938,85.69000244140625,86.5199966430664,62.24347686767578,7155400
2012-11-29,86.44000244140625,86.9800033569336,86.0999984741211,86.48999786376953,62.78063201904297,4873900
2012-11-30,86.08000183105469,87.30999755859375,85.94999694824219,87.04000091552734,63.17986297607422,7369800
2012-12-03,87.41999816894531,87.43000030517578,86.76000213623047,87.05999755859375,63.19437789916992,6638100
2012-12-04,86.63999938964844,87.37999725341797,86.2699966430664,87.19999694824219,63.29599380493164,6109700
2012-12-05,87.43000030517578,87.97000122070312,86.7300033569336,86.97000122070312,63.129032135009766,5349700
2012-12-06,87.11000061035156,88.38999938964844,87.0999984741211,88.08999633789062,63.942020416259766,6580200
2012-12-07,89.08999633789062,89.13999938964844,88.19999694824219,88.4800033569336,64.22512817382812,8086500
2012-12-10,89.97000122070312,90.16999816894531,89.01000213623047,89.41000366210938,64.90016174316406,9276400
2012-12-11,89.76000213623047,89.80999755859375,89.0,89.62000274658203,65.05260467529297,7333000
2012-12-12,89.87000274658203,89.98999786376953,89.19999694824219,89.30999755859375,64.82759094238281,4219500
2012-12-13,89.2699966430664,89.7300033569336,88.93000030517578,89.16999816894531,64.7259750366211,4639700
2012-12-14,88.83999633789062,89.38999938964844,88.5,88.87999725341797,64.51548767089844,4364600
2012-12-17,89.13999938964844,89.93000030517578,89.01000213623047,89.91000366210938,65.26313781738281,5956500
2012-12-18,89.98999786376953,90.80000305175781,89.91999816894531,90.5199966430664,65.7059097290039,5340500
2012-12-19,90.7300033569336,90.8499984741211,89.69999694824219,89.70999908447266,65.11793518066406,5152900
2012-12-20,89.97000122070312,90.12000274658203,89.44999694824219,90.04000091552734,65.35746002197266,4298900
2012-12-21,89.6500015258789,90.19000244140625,89.11000061035156,90.18000030517578,65.45909118652344,10730000
2012-12-24,89.58999633789062,89.69000244140625,89.0999984741211,89.29000091552734,64.81307220458984,2375000
2012-12-26,89.12000274658203,89.37000274658203,88.38999938964844,88.73999786376953,64.4138412475586,3054000
2012-12-27,88.9000015258789,89.12999725341797,87.76000213623047,88.72000122070312,64.39933776855469,4576600
2012-12-28,88.23999786376953,88.54000091552734,87.47000122070312,87.58000183105469,63.57184600830078,3725600
2012-12-31,87.41999816894531,88.25,86.80999755859375,88.20999908447266,64.02911376953125,6236600
2013-01-02,89.4000015258789,90.3499984741211,89.33000183105469,90.12000274658203,65.4155502319336,7377200
2013-01-03,90.30999755859375,90.69999694824219,90.16000366210938,90.62999725341797,65.78573608398438,5473500
2013-01-04,90.62000274658203,90.79000091552734,89.66999816894531,89.8499984741211,65.21957397460938,5374100
2013-01-07,89.7699966430664,91.05000305175781,89.25,90.91000366210938,65.98902130126953,5820900
2013-01-08,90.54000091552734,90.95999908447266,89.97000122070312,90.94000244140625,66.01078033447266,6285200
2013-01-09,90.80000305175781,91.23999786376953,90.36000061035156,90.80999755859375,65.91639709472656,4822100
2013-01-10,91.3499984741211,91.63999938964844,91.02999877929688,91.4000015258789,66.34465789794922,4393300
2013-01-11,91.94000244140625,91.9800033569336,91.05000305175781,91.7300033569336,66.58421325683594,3692600
2013-01-14,91.76000213623047,92.12000274658203,91.43000030517578,91.52999877929688,66.43903350830078,3828100
2013-01-15,91.11000061035156,91.62999725341797,90.86000061035156,91.51000213623047,66.42453002929688,3910400
2013-01-16,91.12999725341797,91.31999969482422,90.91000366210938,91.0999984741211,66.12688446044922,2925800
2013-01-17,91.44999694824219,92.0999984741211,91.30999755859375,91.76000213623047,66.60595703125,4044600
2013-01-18,92.06999969482422,92.30000305175781,91.8499984741211,92.26000213623047,66.96891021728516,5579900
2013-01-22,92.1500015258789,93.33000183105469,91.80999755859375,92.94999694824219,67.46977233886719,6967300
2013-01-23,93.44999694824219,93.75,92.25,93.4800033569336,67.85448455810547,9368000
2013-01-24,93.58000183105469,93.5999984741211,93.0199966430664,93.30999755859375,67.7310791015625,5157200
2013-01-25,93.30999755859375,93.94000244140625,93.27999877929688,93.72000122070312,68.02870178222656,5461600
2013-01-28,93.94000244140625,94.58000183105469,93.63999938964844,94.36000061035156,68.49321746826172,4564600
2013-01-29,94.1500015258789,94.98999786376953,94.05000305175781,94.91999816894531,68.89972686767578,4929700
2013-01-30,94.87999725341797,95.0999984741211,94.43000030517578,94.66999816894531,68.71827697753906,4657600
2013-01-31,94.5999984741211,95.29000091552734,94.45999908447266,95.29000091552734,69.16830444335938,5740500
2013-02-01,95.58000183105469,96.31999969482422,95.5,95.94999694824219,69.64738464355469,5481100
2013-02-04,95.4000015258789,95.79000091552734,94.5,94.5999984741211,68.66744232177734,5933300
2013-02-05,94.58999633789062,95.54000091552734,94.51000213623047,94.91000366210938,68.89248657226562,4952800
2013-02-06,94.48999786376953,95.33000183105469,94.41000366210938,95.06999969482422,69.00860595703125,4482700
2013-02-07,95.02999877929688,95.05999755859375,94.06999969482422,94.62999725341797,68.68922424316406,5619600
2013-02-08,94.38999938964844,95.4800033569336,94.36000061035156,94.87000274658203,68.86344146728516,5331600
2013-02-11,94.75,95.30999755859375,94.5999984741211,95.16999816894531,69.08118438720703,3557600
2013-02-12,95.05000305175781,95.33999633789062,94.80999755859375,95.0999984741211,69.03038787841797,4526900
2013-02-13,94.63999938964844,94.75,93.4800033569336,94.0,68.23193359375,6663100
2013-02-14,93.86000061035156,93.88999938964844,93.19000244140625,93.55999755859375,67.91253662109375,5360900
2013-02-15,93.80999755859375,94.30999755859375,93.20999908447266,93.9000015258789,68.15934753417969,5094100
2013-02-19,94.13999938964844,94.48999786376953,93.7699966430664,93.8499984741211,68.1230697631836,4401900
2013-02-20,93.93000030517578,94.4800033569336,93.75,93.91000366210938,68.1666030883789,4023800
2013-02-21,93.44000244140625,94.44999694824219,93.30000305175781,94.13999938964844,68.33355712890625,4424600
2013-02-22,94.2699966430664,95.25,93.8499984741211,95.25,69.13925170898438,4421300
2013-02-25,95.37999725341797,96.77999877929688,95.26000213623047,96.13999938964844,69.7853012084961,9028000
2013-02-26,96.3499984741211,96.56999969482422,96.05000305175781,96.22000122070312,69.84334564208984,6451100
2013-02-27,95.36000061035156,95.94999694824219,95.11000061035156,95.7300033569336,70.04825592041016,4326800
2013-02-28,95.70999908447266,96.22000122070312,95.51000213623047,95.9000015258789,70.17263793945312,3967600
2013-03-01,95.68000030517578,95.81999969482422,94.95999908447266,95.68000030517578,70.01165771484375,3823200
2013-03-04,95.5999984741211,95.66999816894531,94.87000274658203,95.06999969482422,69.5653076171875,4636900
2013-03-05,95.54000091552734,96.0999984741211,95.33000183105469,95.80999755859375,70.10676574707031,5643000
2013-03-06,95.94999694824219,96.81999969482422,95.93000030517578,96.80999755859375,70.83849334716797,5052000
2013-03-07,96.63999938964844,97.16000366210938,96.63999938964844,97.08999633789062,71.04338836669922,4566400
2013-03-08,98.12999725341797,98.94999694824219,98.02999877929688,98.70999908447266,72.22879791259766,8838100
2013-03-11,98.45999908447266,98.88999938964844,98.27999877929688,98.88999938964844,72.36051177978516,4853400
2013-03-12,98.86000061035156,98.87000274658203,98.52999877929688,98.76000213623047,72.2653579711914,3856000
2013-03-13,98.73999786376953,99.47000122070312,98.54000091552734,99.37999725341797,72.71907043457031,3896600
2013-03-14,99.36000061035156,99.37999725341797,98.9000015258789,99.30999755859375,72.66780090332031,3649900
2013-03-15,98.97000122070312,99.69999694824219,98.81999969482422,99.66999816894531,72.9312515258789,6388000
2013-03-18,98.94999694824219,99.33999633789062,98.20999908447266,98.56999969482422,72.12635040283203,3934500
2013-03-19,98.77999877929688,98.98999786376953,98.19999694824219,98.4000015258789,72.0019760131836,4648500
2013-03-20,98.58999633789062,98.9000015258789,98.58999633789062,98.7699966430664,72.27269744873047,3534900
2013-03-21,98.5,98.87999725341797,98.41999816894531,98.52999877929688,72.09708404541016,3523400
2013-03-22,98.5199966430664,99.62000274658203,98.5199966430664,99.2699966430664,72.63856506347656,4160000
2013-03-25,99.45999908447266,99.5999984741211,98.12000274658203,98.23999786376953,71.88487243652344,4932500
2013-03-26,98.3499984741211,98.66999816894531,98.26000213623047,98.5,72.07513427734375,4434000
2013-03-27,98.19000244140625,99.29000091552734,98.18000030517578,98.9000015258789,72.3678207397461,4401700
2013-03-28,98.87999725341797,99.77999877929688,98.66999816894531,99.69000244140625,72.94588470458984,3954700
2013-04-01,99.41000366210938,99.68000030517578,98.8499984741211,99.05000305175781,72.47759246826172,3155800
2013-04-02,99.4000015258789,100.41999816894531,99.02999877929688,100.26000213623047,73.36298370361328,5136800
2013-04-03,100.20999908447266,100.5,99.05999755859375,99.25,72.62393951416016,4454400
2013-04-04,99.54000091552734,100.80999755859375,99.52999877929688,100.62999725341797,73.63371276855469,5860600
2013-04-05,100.16999816894531,101.47000122070312,99.80999755859375,101.41999816894531,74.21178436279297,5693000
2013-04-08,101.08000183105469,101.5,100.8499984741211,101.5,74.27031707763672,4163600
2013-04-09,101.5,101.5,100.56999969482422,101.05999755859375,73.9483413696289,3690400
2013-04-10,101.12000274658203,101.73999786376953,101.01000213623047,101.48999786376953,74.26300048828125,3159400
2013-04-11,101.33999633789062,102.47000122070312,101.33999633789062,101.98999786376953,74.62885284423828,4049400
2013-04-12,101.5,103.69999694824219,101.5,103.58999633789062,75.79962921142578,5714000
2013-04-15,103.13999938964844,103.44000244140625,102.12999725341797,102.1500015258789,74.74594116210938,5643600
2013-04-16,102.4000015258789,103.05000305175781,102.0199966430664,103.04000091552734,75.39717102050781,3199300
2013-04-17,102.55999755859375,103.11000061035156,102.0,102.54000091552734,75.03131866455078,4191500
2013-04-18,102.08000183105469,102.2300033569336,100.0999984741211,101.91000366210938,74.57032775878906,5696900
2013-04-19,100.58000183105469,101.44000244140625,99.44999694824219,99.91999816894531,73.11418914794922,8227700
2013-04-22,99.3499984741211,99.66000366210938,98.37999725341797,99.31999969482422,72.67511749267578,5620500
2013-04-23,99.2699966430664,100.23999786376953,99.20999908447266,99.76000213623047,72.99711608886719,5753500
2013-04-24,100.08999633789062,101.23999786376953,100.08999633789062,101.0199966430664,73.91909790039062,4593000
2013-04-25,101.2699966430664,101.62999725341797,100.8499984741211,100.94000244140625,73.86053466796875,3529400
2013-04-26,100.83000183105469,100.98999786376953,100.4000015258789,100.88999938964844,73.82396697998047,3113600
2013-04-29,101.55999755859375,102.5199966430664,101.1500015258789,102.18000030517578,74.76786804199219,3417700
2013-04-30,102.2699966430664,102.36000061035156,101.55999755859375,102.13999938964844,74.73863220214844,4205200
2013-05-01,101.9800033569336,102.44000244140625,101.33000183105469,101.37999725341797,74.1824722290039,2720100
2013-05-02,101.45999908447266,102.33999633789062,101.12000274658203,102.05999755859375,74.68009948730469,3821100
2013-05-03,102.91999816894531,103.33999633789062,102.55000305175781,102.91999816894531,75.3093490600586,4109400
2013-05-06,102.76000213623047,102.80000305175781,102.05000305175781,102.06999969482422,74.68738555908203,3314200
2013-05-07,102.08999633789062,102.5199966430664,101.79000091552734,102.29000091552734,74.84837341308594,4304200
2013-05-08,102.27999877929688,102.27999877929688,100.76000213623047,100.94999694824219,73.86783599853516,5228800
2013-05-09,100.77999877929688,101.2300033569336,99.45999908447266,99.69000244140625,72.94588470458984,10628500
2013-05-10,99.94999694824219,100.19999694824219,99.4000015258789,100.19999694824219,73.3190689086914,5036900
2013-05-13,100.0199966430664,100.69999694824219,99.80000305175781,100.37999725341797,73.45075988769531,3154100
2013-05-14,100.4800033569336,101.48999786376953,100.44000244140625,101.19999694824219,74.05078887939453,3810800
2013-05-15,101.30000305175781,102.02999877929688,101.30000305175781,101.94999694824219,74.599609375,3402600
2013-05-16,101.58000183105469,101.77999877929688,100.83999633789062,101.12000274658203,73.99227142333984,4251800
2013-05-17,101.0999984741211,101.9000015258789,100.80000305175781,101.54000091552734,74.2995834350586,4015300
2013-05-20,101.23999786376953,101.94000244140625,101.23999786376953,101.54000091552734,74.2995834350586,2233100
2013-05-21,101.6500015258789,102.62000274658203,101.41999816894531,102.13999938964844,74.73863220214844,4078600
2013-05-22,102.18000030517578,102.4000015258789,101.41000366210938,101.73999786376953,74.44593048095703,4648200
2013-05-23,101.13999938964844,101.51000213623047,100.3499984741211,101.02999877929688,73.92640686035156,13743100
2013-05-24,100.66000366210938,100.66000366210938,99.7300033569336,100.29000091552734,73.3849105834961,13161000
2013-05-28,101.05999755859375,101.94000244140625,100.87999725341797,101.23999786376953,74.08006286621094,14083800
2013-05-29,100.63999938964844,100.63999938964844,98.27999877929688,99.05000305175781,72.47759246826172,8770700
2013-05-30,98.41999816894531,98.58999633789062,96.79000091552734,97.06999969482422,71.58523559570312,8028900
2013-05-31,96.88999938964844,97.70999908447266,96.55999755859375,96.56999969482422,71.21654510498047,5443400
2013-06-03,96.7699966430664,97.98999786376953,96.56999969482422,97.95999908447266,72.24160766601562,4224000
2013-06-04,98.01000213623047,98.68000030517578,97.63999938964844,98.37000274658203,72.54396057128906,4902300
2013-06-05,98.12999725341797,98.16000366210938,96.12000274658203,96.41999816894531,71.10590362548828,5394800
2013-06-06,96.38999938964844,96.83000183105469,95.16000366210938,96.68000030517578,71.29765319824219,5817300
2013-06-07,97.05999755859375,98.69000244140625,97.0,98.27999877929688,72.47759246826172,5036800
2013-06-10,99.80000305175781,100.18000030517578,99.12000274658203,99.52999877929688,73.39942169189453,5718400
2013-06-11,99.0199966430664,99.48999786376953,98.06999969482422,98.2300033569336,72.44071197509766,4812800
2013-06-12,98.73999786376953,99.0999984741211,98.06999969482422,98.23999786376953,72.44807434082031,4485200
2013-06-13,98.0999984741211,99.06999969482422,97.87000274658203,98.87999725341797,72.9200439453125,2927800
2013-06-14,98.83000183105469,99.41999816894531,98.2300033569336,98.41999816894531,72.58082580566406,3351100
2013-06-17,99.30000305175781,99.69000244140625,98.30000305175781,98.73999786376953,72.8167953491211,4884800
2013-06-18,98.9800033569336,100.04000091552734,98.94999694824219,99.75,73.56163787841797,3340100
2013-06-19,99.70999908447266,100.06999969482422,98.52999877929688,98.80999755859375,72.86841583251953,3518200
2013-06-20,98.37000274658203,98.68000030517578,96.62000274658203,96.79000091552734,71.3787841796875,5550100
2013-06-21,97.36000061035156,97.75,96.88999938964844,97.2300033569336,71.70326232910156,7227000
2013-06-24,96.54000091552734,97.70999908447266,96.0199966430664,97.29000091552734,71.74751281738281,4244500
2013-06-25,97.91000366210938,97.98999786376953,97.13999938964844,97.5199966430664,71.91710662841797,3211300
2013-06-26,98.36000061035156,99.13999938964844,98.04000091552734,98.83999633789062,72.89057922363281,3585500
2013-06-27,99.44999694824219,99.81999969482422,99.12999725341797,99.6500015258789,73.4878921508789,4497100
2013-06-28,99.51000213623047,100.11000061035156,98.93000030517578,99.0,73.00856018066406,5386400
2013-07-01,99.3499984741211,100.30000305175781,99.26000213623047,99.81999969482422,73.61327362060547,4053500
2013-07-02,99.81999969482422,100.5,99.38999938964844,99.93000030517578,73.69441223144531,3850500
2013-07-03,99.94999694824219,100.55999755859375,99.70999908447266,100.3499984741211,74.00413513183594,1676300
2013-07-05,100.69000244140625,100.83999633789062,99.25,99.86000061035156,73.64276885986328,3933900
2013-07-08,100.27999877929688,100.5,99.55000305175781,99.87999725341797,73.65752410888672,4064300
2013-07-09,100.23999786376953,100.37000274658203,99.19999694824219,99.98999786376953,73.73863983154297,4120100
2013-07-10,100.1500015258789,100.36000061035156,99.4000015258789,99.9800033569336,73.73126220703125,3532400
2013-07-11,100.75,100.95999908447266,99.76000213623047,100.79000091552734,74.32860565185547,4064100
2013-07-12,100.58999633789062,101.80999755859375,100.5,101.58000183105469,74.91120910644531,4766800
2013-07-15,101.5999984741211,101.7300033569336,100.69999694824219,100.75,74.29913330078125,4480700
2013-07-16,100.18000030517578,101.12000274658203,99.47000122070312,100.87999725341797,74.39497375488281,4406200
2013-07-17,100.05000305175781,100.3499984741211,99.30000305175781,100.0999984741211,73.81976318359375,5377400
2013-07-18,100.4800033569336,100.7699966430664,99.98999786376953,100.18000030517578,73.87876892089844,3401600
2013-07-19,100.19999694824219,100.41000366210938,99.52999877929688,100.2699966430664,73.94512176513672,4508300
2013-07-22,97.75,97.93000030517578,97.05999755859375,97.58000183105469,71.96136474609375,13209600
2013-07-23,97.55000305175781,97.72000122070312,96.68000030517578,96.76000213623047,71.35664367675781,6989300
2013-07-24,97.20999908447266,97.4000015258789,96.30000305175781,96.66000366210938,71.28289794921875,5197900
2013-07-25,96.66999816894531,97.58999633789062,96.55999755859375,97.48999786376953,71.89498138427734,4208100
2013-07-26,97.25,98.08000183105469,96.91999816894531,98.02999877929688,72.293212890625,4561600
2013-07-29,97.95999908447266,98.02999877929688,97.38999938964844,97.87000274658203,72.17523956298828,3592500
2013-07-30,98.0,98.54000091552734,97.83999633789062,98.37000274658203,72.54396057128906,4127400
2013-07-31,98.31999969482422,98.54000091552734,97.62999725341797,98.08000183105469,72.3301010131836,5343000
2013-08-01,98.62000274658203,99.23999786376953,98.31999969482422,99.0,73.00856018066406,3954600
2013-08-02,98.80999755859375,99.19999694824219,98.44999694824219,99.19999694824219,73.1560287475586,3224300
2013-08-05,99.01000213623047,99.44000244140625,98.83000183105469,99.30999755859375,73.23715209960938,3326400
2013-08-06,99.33000183105469,99.4000015258789,98.37000274658203,98.69000244140625,72.77994537353516,3507200
2013-08-07,98.5999984741211,98.98999786376953,98.2699966430664,98.33000183105469,72.51445007324219,3256400
2013-08-08,98.63999938964844,98.98999786376953,97.44000244140625,98.04000091552734,72.30059814453125,4862300
2013-08-09,97.9000015258789,98.4000015258789,97.06999969482422,97.62000274658203,71.9908447265625,4041800
2013-08-12,97.48999786376953,97.80000305175781,97.0,97.04000091552734,71.56316375732422,3256800
2013-08-13,97.0199966430664,97.0999984741211,96.11000061035156,96.44999694824219,71.12803649902344,5188300
2013-08-14,96.23999786376953,96.37000274658203,95.63999938964844,96.11000061035156,70.87726593017578,5448700
2013-08-15,95.55000305175781,95.91000366210938,95.19000244140625,95.38999938964844,70.34632873535156,4207500
2013-08-16,95.19999694824219,95.5,95.01000213623047,95.02999877929688,70.0808334350586,3324000
2013-08-19,95.12000274658203,95.98999786376953,95.05000305175781,95.4800033569336,70.41271209716797,3126200
2013-08-20,95.51000213623047,95.9000015258789,95.36000061035156,95.5,70.42743682861328,2827800
2013-08-21,95.41000366210938,95.81999969482422,95.11000061035156,95.11000061035156,70.13984680175781,3430600
2013-08-22,95.37000274658203,95.69000244140625,95.20999908447266,95.45999908447266,70.39795684814453,15364400
2013-08-23,95.56999969482422,95.68000030517578,94.91000366210938,95.12999725341797,70.15460968017578,12274200
2013-08-26,95.36000061035156,95.94000244140625,95.0999984741211,95.30999755859375,70.28732299804688,3060000
2013-08-27,94.86000061035156,95.19000244140625,94.01000213623047,94.83999633789062,69.94071197509766,4513100
2013-08-28,95.0,96.33000183105469,95.0,96.08000183105469,70.85515594482422,5482500
2013-08-29,95.6500015258789,95.9800033569336,94.69999694824219,94.86000061035156,70.52062225341797,4796600
2013-08-30,95.0,95.12999725341797,94.13999938964844,94.36000061035156,70.14894104003906,3993000
2013-09-03,95.0999984741211,95.27999877929688,94.12000274658203,94.5199966430664,70.26785278320312,3672100
2013-09-04,94.5,95.36000061035156,94.33999633789062,95.16000366210938,70.74364471435547,2898800
2013-09-05,95.33000183105469,96.45999908447266,95.08000183105469,95.66000366210938,71.11534881591797,4275300
2013-09-06,95.87000274658203,96.75,95.25,96.26000213623047,71.56141662597656,4485800
2013-09-09,96.22000122070312,96.79000091552734,96.20999908447266,96.44999694824219,71.70264434814453,3525200
2013-09-10,97.0999984741211,97.36000061035156,96.5,96.88999938964844,72.02979278564453,4984300
2013-09-11,96.66000366210938,97.45999908447266,96.37000274658203,97.45999908447266,72.45354461669922,3928600
2013-09-12,97.4800033569336,97.8499984741211,97.06999969482422,97.18000030517578,72.24536895751953,4277300
2013-09-13,97.33999633789062,97.6500015258789,97.12999725341797,97.3499984741211,72.37175750732422,2668700
2013-09-16,97.87999725341797,98.16999816894531,97.4000015258789,97.70999908447266,72.63935852050781,3490900
2013-09-17,97.58000183105469,98.36000061035156,97.48999786376953,97.91999816894531,72.79547119140625,3256900
2013-09-18,97.87000274658203,98.98999786376953,97.63999938964844,98.69999694824219,73.37535858154297,4279600
2013-09-19,98.5,98.51000213623047,97.0,97.91999816894531,72.79547119140625,6430800
2013-09-20,97.69999694824219,98.05000305175781,96.9000015258789,96.9000015258789,72.03719329833984,8077000
2013-09-23,96.97000122070312,97.58000183105469,96.81999969482422,97.27999877929688,72.3197021484375,3301600
2013-09-24,97.13999938964844,98.5999984741211,96.86000061035156,97.77999877929688,72.69141387939453,4810300
2013-09-25,97.80000305175781,97.98999786376953,97.41000366210938,97.62000274658203,72.57245635986328,4053200
2013-09-26,97.88999938964844,98.31999969482422,97.79000091552734,98.19000244140625,72.9962158203125,3604900
2013-09-27,97.88999938964844,97.98999786376953,97.0,97.12000274658203,72.20075988769531,3533100
2013-09-30,96.45999908447266,96.69000244140625,95.11000061035156,96.20999908447266,71.52425384521484,4404500
2013-10-01,96.18000030517578,96.38999938964844,95.8499984741211,96.12999725341797,71.46475219726562,3240700
2013-10-02,95.58000183105469,95.87999725341797,94.01000213623047,95.27999877929688,70.8328628540039,7250300
2013-10-03,95.1500015258789,95.20999908447266,94.61000061035156,94.66999816894531,70.37935638427734,4855700
2013-10-04,94.61000061035156,94.80000305175781,94.4000015258789,94.69999694824219,70.40168762207031,3047700
2013-10-07,94.26000213623047,94.80000305175781,94.13999938964844,94.36000061035156,70.14894104003906,3037100
2013-10-08,94.2699966430664,94.58000183105469,93.94000244140625,93.94000244140625,69.8366928100586,3643900
2013-10-09,93.81999969482422,93.95999908447266,93.13999938964844,93.2699966430664,69.33859252929688,5159400
2013-10-10,94.22000122070312,94.44000244140625,93.51000213623047,94.44000244140625,70.20838165283203,4531000
2013-10-11,94.69000244140625,94.80000305175781,94.33000183105469,94.73999786376953,70.43144989013672,4132600
2013-10-14,94.41000366210938,94.87999725341797,94.18000030517578,94.72000122070312,70.41656494140625,3429700
2013-10-15,93.98999786376953,94.19999694824219,93.44999694824219,93.80000305175781,69.73263549804688,5878900
2013-10-16,94.30000305175781,95.23999786376953,94.13999938964844,95.22000122070312,70.78828430175781,4708700
2013-10-17,95.19000244140625,95.5199966430664,94.6500015258789,95.47000122070312,70.97412872314453,3860500
2013-10-18,95.69999694824219,95.69999694824219,94.5199966430664,95.19999694824219,70.77339935302734,7286100
2013-10-21,93.69999694824219,94.8499984741211,93.23999786376953,94.58999633789062,70.31991577148438,9137700
2013-10-22,94.68000030517578,95.48999786376953,94.20999908447266,95.12000274658203,70.71392059326172,5144000
2013-10-23,95.08000183105469,95.19999694824219,93.93000030517578,94.20999908447266,70.03740692138672,4581200
2013-10-24,94.41000366210938,94.80999755859375,94.23999786376953,94.68000030517578,70.38681030273438,3640900
2013-10-25,94.77999877929688,94.94999694824219,94.36000061035156,94.77999877929688,70.461181640625,3055900
2013-10-28,94.69000244140625,95.72000122070312,94.68000030517578,95.37000274658203,70.89976501464844,3836400
2013-10-29,95.62000274658203,96.0999984741211,95.30000305175781,96.05000305175781,71.4052963256836,3975100
2013-10-30,96.16999816894531,96.44999694824219,95.7300033569336,96.02999877929688,71.39042663574219,3404300
2013-10-31,96.19999694824219,96.69999694824219,96.11000061035156,96.5199966430664,71.75469207763672,4271300
2013-11-01,96.5199966430664,97.5,96.5199966430664,97.23999786376953,72.28997802734375,5127300
2013-11-04,97.26000213623047,97.5,96.83000183105469,97.30999755859375,72.34203338623047,5023900
2013-11-05,97.37999725341797,97.75,97.0199966430664,97.41000366210938,72.41634368896484,4338200
2013-11-06,97.66000366210938,98.19000244140625,97.47000122070312,97.9000015258789,72.78063201904297,4365900
2013-11-07,97.95999908447266,98.08999633789062,96.77999877929688,97.19999694824219,72.26025390625,4921000
2013-11-08,97.16999816894531,97.30000305175781,96.31999969482422,97.01000213623047,72.11901092529297,5052400
2013-11-11,96.83000183105469,97.48999786376953,96.80000305175781,97.08999633789062,72.17847442626953,2573800
2013-11-12,97.06999969482422,97.76000213623047,96.8499984741211,97.66000366210938,72.60221862792969,3845000
2013-11-13,97.47000122070312,98.12000274658203,97.30999755859375,98.11000061035156,72.9367446899414,4164800
2013-11-14,98.18000030517578,98.69999694824219,97.18000030517578,97.55999755859375,72.52786254882812,6594200
2013-11-15,97.44999694824219,97.70999908447266,96.4000015258789,96.91999816894531,72.05207061767578,7096800
2013-11-18,96.9000015258789,97.79000091552734,96.9000015258789,97.6500015258789,72.59477996826172,4966700
2013-11-19,97.5199966430664,98.29000091552734,97.36000061035156,97.9800033569336,72.84011840820312,3836600
2013-11-20,97.56999969482422,98.05000305175781,97.18000030517578,97.54000091552734,72.51299285888672,3815100
2013-11-21,97.80000305175781,98.08999633789062,97.58999633789062,97.69999694824219,72.6319351196289,12884800
2013-11-22,97.83999633789062,98.51000213623047,97.37000274658203,98.2699966430664,73.05569458007812,16495500
2013-11-25,98.75,99.2699966430664,98.6500015258789,98.91999816894531,73.53890991210938,20420800
2013-11-26,98.80000305175781,99.08999633789062,98.1500015258789,98.19999694824219,73.0036392211914,5517400
2013-11-27,97.62000274658203,97.66000366210938,96.94999694824219,97.05999755859375,72.75626373291016,3501500
2013-11-29,97.25,97.5999984741211,97.08000183105469,97.37000274658203,72.98863983154297,2920300
2013-12-02,97.29000091552734,97.29000091552734,96.33000183105469,96.51000213623047,72.343994140625,4810000
2013-12-03,96.75,96.75,96.06999969482422,96.37999725341797,72.24654388427734,4851900
2013-12-04,95.66000366210938,96.12999725341797,95.36000061035156,95.70999908447266,71.74433135986328,4951300
2013-12-05,95.37000274658203,95.81999969482422,95.19999694824219,95.43000030517578,71.53446197509766,5076500
2013-12-06,95.94000244140625,96.94999694824219,95.9000015258789,96.80000305175781,72.56139373779297,5811200
2013-12-09,96.12999725341797,96.5,95.44999694824219,95.72000122070312,71.75181579589844,5056100
2013-12-10,95.69000244140625,95.69999694824219,95.06999969482422,95.43000030517578,71.53446197509766,4190600
2013-12-11,95.51000213623047,95.72000122070312,95.16999816894531,95.26000213623047,71.40699768066406,5194500
2013-12-12,95.4000015258789,95.68000030517578,94.04000091552734,94.0999984741211,70.53746795654297,5719900
2013-12-13,94.19000244140625,94.62000274658203,94.05000305175781,94.44000244140625,70.7923355102539,3277500
2013-12-16,94.97000122070312,95.77999877929688,94.9000015258789,95.44999694824219,71.5494155883789,4868100
2013-12-17,95.44000244140625,95.58000183105469,94.2699966430664,94.37999725341797,70.74736022949219,4460300
2013-12-18,94.66000366210938,95.94999694824219,94.56999969482422,95.93000030517578,71.90924072265625,5526800
2013-12-19,95.87999725341797,96.30000305175781,94.93000030517578,95.13999938964844,71.31702423095703,5476500
2013-12-20,95.45999908447266,96.51000213623047,95.33999633789062,96.51000213623047,72.343994140625,8039500
2013-12-23,96.72000122070312,96.94999694824219,96.05000305175781,96.30000305175781,72.18658447265625,3296300
2013-12-24,96.13999938964844,96.75,96.13999938964844,96.54000091552734,72.36648559570312,1155900
2013-12-26,96.7699966430664,96.91000366210938,96.62999725341797,96.83999633789062,72.59136199951172,1978300
2013-12-27,96.87000274658203,97.27999877929688,96.80000305175781,96.91000366210938,72.64384460449219,1987100
2013-12-30,96.87999725341797,97.1500015258789,96.79000091552734,97.01000213623047,72.71881103515625,2293000
2013-12-31,96.94999694824219,97.08000183105469,96.62999725341797,97.02999877929688,72.73379516601562,2560900
2014-01-02,96.80999755859375,97.02999877929688,96.26000213623047,96.41000366210938,72.26907348632812,2925800
2014-01-03,96.9000015258789,97.02999877929688,96.5,96.54000091552734,72.36648559570312,2965300
2014-01-06,96.62000274658203,96.62000274658203,95.5199966430664,95.8499984741211,71.84928131103516,5022700
2014-01-07,96.37999725341797,97.08000183105469,96.12999725341797,96.37999725341797,72.24654388427734,4881800
2014-01-08,95.55000305175781,95.70999908447266,95.0,95.41000366210938,71.5194320678711,7669800
2014-01-09,96.23999786376953,96.3499984741211,95.25,95.45999908447266,71.55693054199219,7709000
2014-01-10,95.83000183105469,96.22000122070312,95.63999938964844,95.80000305175781,71.81178283691406,5512200
2014-01-13,95.83000183105469,95.83000183105469,94.58999633789062,94.83000183105469,71.08467864990234,5753200
2014-01-14,94.80999755859375,95.4000015258789,94.80000305175781,95.22000122070312,71.37702941894531,3842200
2014-01-15,95.48999786376953,95.66999816894531,95.1500015258789,95.45999908447266,71.55693054199219,3560600
2014-01-16,95.4000015258789,96.30000305175781,95.19000244140625,96.05999755859375,72.00668334960938,5058000
2014-01-17,96.0199966430664,96.12999725341797,94.7699966430664,94.93000030517578,71.1596450805664,5975300
2014-01-21,95.36000061035156,95.95999908447266,95.01000213623047,95.08000183105469,71.2720718383789,6462700
2014-01-22,95.06999969482422,95.31999969482422,94.69000244140625,94.87999725341797,71.12213897705078,4976400
2014-01-23,94.55000305175781,95.94999694824219,94.5,95.31999969482422,71.45195770263672,7146000
2014-01-24,94.7300033569336,95.95999908447266,94.38999938964844,94.43000030517578,70.78483581542969,6944800
2014-01-27,94.29000091552734,94.68000030517578,93.91999816894531,94.06999969482422,70.51493835449219,6607600
2014-01-28,94.33000183105469,94.63999938964844,94.0999984741211,94.18000030517578,70.59745025634766,3682800
2014-01-29,93.95999908447266,94.30000305175781,92.87000274658203,93.1500015258789,69.8253402709961,8013500
2014-01-30,93.38999938964844,94.0,92.93000030517578,93.80000305175781,70.31258392333984,4987400
2014-01-31,93.05000305175781,94.55000305175781,92.94999694824219,94.16999816894531,70.58995819091797,5972500
2014-02-03,94.54000091552734,94.73999786376953,92.91000366210938,93.0199966430664,69.72791290283203,6904700
2014-02-04,92.86000061035156,93.47000122070312,92.58999633789062,93.08999633789062,69.78034210205078,6300400
2014-02-05,92.80000305175781,93.83999633789062,92.22000122070312,93.58000183105469,70.14767456054688,4958900
2014-02-06,93.87000274658203,95.19000244140625,93.69000244140625,94.94000244140625,71.1671142578125,5356900
2014-02-07,95.08999633789062,95.94999694824219,94.62000274658203,95.91999816894531,71.90172576904297,6591200
2014-02-10,95.75,95.93000030517578,94.5199966430664,94.86000061035156,71.10713195800781,6968200
2014-02-11,95.05999755859375,95.83999633789062,94.83000183105469,95.33999633789062,71.46696472167969,5343500
2014-02-12,95.44000244140625,95.66999816894531,94.79000091552734,94.88999938964844,71.129638671875,4268900
2014-02-13,94.69000244140625,95.58000183105469,94.5,95.45999908447266,71.55693054199219,3617900
2014-02-14,95.30000305175781,95.97000122070312,95.11000061035156,95.77999877929688,71.79679870605469,3532900
2014-02-18,96.02999877929688,96.56999969482422,95.54000091552734,96.0199966430664,71.97669982910156,5454200
2014-02-19,95.77999877929688,96.66000366210938,95.45999908447266,95.55000305175781,71.6243896484375,4505500
2014-02-20,95.66000366210938,96.11000061035156,95.48999786376953,95.75,71.77429962158203,2975000
2014-02-21,96.04000091552734,97.0,96.04000091552734,96.44999694824219,72.29899597167969,5284300
2014-02-24,96.43000030517578,96.94000244140625,96.23999786376953,96.5,72.33648681640625,4472200
2014-02-25,96.45999908447266,96.72000122070312,95.88999938964844,96.62000274658203,72.42646026611328,4233600
2014-02-26,96.62999725341797,96.73999786376953,95.70999908447266,95.88999938964844,71.87925720214844,4265900
2014-02-27,95.23999786376953,95.41000366210938,94.6500015258789,95.08000183105469,71.87925720214844,4179600
2014-02-28,95.11000061035156,95.45999908447266,94.86000061035156,95.1500015258789,71.93215942382812,5104700
2014-03-03,94.23999786376953,94.80000305175781,94.0,94.31999969482422,71.30470275878906,5149300
2014-03-04,95.25,95.2699966430664,94.86000061035156,94.9800033569336,71.80365753173828,4655200
2014-03-05,95.33999633789062,95.61000061035156,94.94000244140625,95.0199966430664,71.83390045166016,3913300
2014-03-06,95.05999755859375,95.66999816894531,94.75,95.58000183105469,72.25724029541016,4362900
2014-03-07,95.73999786376953,95.79000091552734,94.97000122070312,95.5,72.19676208496094,3724000
2014-03-10,95.26000213623047,95.68000030517578,94.97000122070312,95.19999694824219,71.9699478149414,4388900
2014-03-11,95.94000244140625,98.91999816894531,95.70999908447266,98.77999877929688,74.67640686035156,16354400
2014-03-12,98.41000366210938,99.06999969482422,98.1500015258789,98.70999908447266,74.62348937988281,6701700
2014-03-13,98.9000015258789,98.9000015258789,97.01000213623047,97.37000274658203,73.61045837402344,5480200
2014-03-14,97.33000183105469,97.88999938964844,97.01000213623047,97.58000183105469,73.76922607421875,5510700
2014-03-17,98.13999938964844,98.19999694824219,97.45999908447266,97.5999984741211,73.78434753417969,5554300
2014-03-18,97.80000305175781,97.98999786376953,97.22000122070312,97.30999755859375,73.5650863647461,3269500
2014-03-19,97.2699966430664,97.29000091552734,95.77999877929688,96.0999984741211,72.65035247802734,5556900
2014-03-20,95.94000244140625,96.94999694824219,95.80999755859375,96.5999984741211,73.02835083007812,4242600
2014-03-21,97.22000122070312,97.4000015258789,95.47000122070312,95.47000122070312,72.1740951538086,12625800
2014-03-24,96.08999633789062,96.73999786376953,95.98999786376953,96.18000030517578,72.7108154296875,6393000
2014-03-25,96.44000244140625,96.48999786376953,95.83000183105469,95.91000366210938,72.50672912597656,4929800
2014-03-26,96.04000091552734,96.56999969482422,95.83999633789062,95.83999633789062,72.45377349853516,4127000
2014-03-27,95.7699966430664,96.36000061035156,95.5199966430664,96.16000366210938,72.69572448730469,3756000
2014-03-28,96.2699966430664,97.44000244140625,96.20999908447266,97.23999786376953,73.51219177246094,4344100
2014-03-31,97.44000244140625,98.44999694824219,97.30000305175781,98.02999877929688,74.10938262939453,4853300
2014-04-01,98.0999984741211,98.5199966430664,97.62999725341797,97.9000015258789,74.0111312866211,4494000
2014-04-02,98.1500015258789,98.2300033569336,97.33999633789062,97.58999633789062,73.77676391601562,3701200
2014-04-03,98.02999877929688,98.11000061035156,97.3499984741211,97.66000366210938,73.82969665527344,2575700
2014-04-04,97.7699966430664,98.41999816894531,97.38999938964844,97.87000274658203,73.98844909667969,5409000
2014-04-07,97.58000183105469,98.23999786376953,96.56999969482422,97.01000213623047,73.33831024169922,5994600
2014-04-08,96.9800033569336,98.22000122070312,96.5199966430664,98.08000183105469,74.14720153808594,5579500
2014-04-09,98.08000183105469,98.54000091552734,97.9000015258789,98.3499984741211,74.35134887695312,3669500
2014-04-10,98.55000305175781,99.8499984741211,98.16000366210938,99.43000030517578,75.16780090332031,8873000
2014-04-11,99.1500015258789,99.7300033569336,99.05999755859375,99.29000091552734,75.06196594238281,6553600
2014-04-14,99.66000366210938,100.16000366210938,99.31999969482422,100.11000061035156,75.68186950683594,6155900
2014-04-15,100.69999694824219,100.94000244140625,100.06999969482422,100.83000183105469,76.22615051269531,5882400
2014-04-16,101.0,101.12000274658203,100.48999786376953,100.83000183105469,76.22615051269531,3532700
2014-04-17,100.7300033569336,101.0,100.25,100.25,75.7877197265625,4545200
2014-04-21,99.80000305175781,100.38999938964844,99.25,99.66999816894531,75.34921264648438,6357000
2014-04-22,100.0199966430664,100.2699966430664,98.88999938964844,99.31999969482422,75.08462524414062,8934300
2014-04-23,99.3499984741211,99.98999786376953,99.01000213623047,99.12999725341797,74.9410171508789,4179100
2014-04-24,99.5199966430664,100.0999984741211,99.12999725341797,99.83999633789062,75.47774505615234,4764900
2014-04-25,99.8499984741211,100.75,99.38999938964844,100.7300033569336,76.15058898925781,5047100
2014-04-28,100.9800033569336,101.18000030517578,99.6500015258789,100.30999755859375,75.83303833007812,7444500
2014-04-29,100.20999908447266,101.77999877929688,99.80999755859375,101.5,76.73269653320312,6626100
2014-04-30,101.55000305175781,101.76000213623047,101.04000091552734,101.37999725341797,76.64195251464844,4519800
2014-05-01,100.68000030517578,101.04000091552734,100.33000183105469,100.95999908447266,76.32444763183594,3531400
2014-05-02,101.11000061035156,102.27999877929688,100.98999786376953,101.43000030517578,76.67975616455078,4934000
2014-05-05,101.37999725341797,101.37999725341797,100.58999633789062,101.13999938964844,76.46049499511719,3483500
2014-05-06,101.05999755859375,101.30000305175781,100.80000305175781,100.94999694824219,76.31689453125,3075100
2014-05-07,101.26000213623047,102.11000061035156,100.94999694824219,101.95999908447266,77.08045959472656,4322600
2014-05-08,102.0,102.18000030517578,101.43000030517578,101.94999694824219,77.0728759765625,3384500
2014-05-09,101.8499984741211,102.94999694824219,101.81999969482422,102.93000030517578,77.81372833251953,3649400
2014-05-12,102.94999694824219,103.33000183105469,102.79000091552734,102.86000061035156,77.76082611083984,3817400
2014-05-13,103.31999969482422,103.62000274658203,102.5,103.52999877929688,78.26734924316406,3955400
2014-05-14,103.69000244140625,103.77999877929688,102.54000091552734,103.02999877929688,77.88934326171875,3826300
2014-05-15,102.77999877929688,103.0,102.1500015258789,102.5,77.48866271972656,3810800
2014-05-16,102.55000305175781,103.38999938964844,102.3499984741211,103.13999938964844,77.9725112915039,5081000
2014-05-19,102.80999755859375,102.83000183105469,101.73999786376953,102.08999633789062,77.17868041992188,3859800
2014-05-20,102.05000305175781,102.44000244140625,101.44000244140625,101.52999877929688,76.7553482055664,3123700
2014-05-21,101.70999908447266,102.58000183105469,101.55000305175781,102.55999755859375,77.53401184082031,2735600
2014-05-22,102.6500015258789,102.9800033569336,102.2300033569336,102.44999694824219,77.45085906982422,3376000
2014-05-23,102.5199966430664,102.8499984741211,101.7699966430664,102.0,77.11065673828125,4174300
2014-05-27,102.19999694824219,102.9000015258789,102.06999969482422,102.36000061035156,77.38284301757812,5093200
2014-05-28,101.83999633789062,102.04000091552734,100.87000274658203,101.30000305175781,76.58148956298828,8930700
2014-05-29,101.2699966430664,101.48999786376953,100.87000274658203,101.33999633789062,77.22926330566406,4123700
2014-05-30,101.25,101.45999908447266,100.70999908447266,101.43000030517578,77.29782104492188,4232800
2014-06-02,101.38999938964844,102.5,101.31999969482422,102.02999877929688,77.7551040649414,3001400
2014-06-03,101.63999938964844,102.0,101.41000366210938,101.44999694824219,77.31306457519531,3363500
2014-06-04,101.36000061035156,102.47000122070312,101.2699966430664,102.44000244140625,78.06754302978516,3589200
2014-06-05,102.33999633789062,102.5999984741211,101.75,102.44999694824219,78.07516479492188,2407800
2014-06-06,102.41000366210938,102.62000274658203,101.77999877929688,101.95999908447266,77.70172119140625,2955500
2014-06-09,101.58999633789062,102.0,101.18000030517578,101.37999725341797,77.25973510742188,3802600
2014-06-10,101.61000061035156,101.61000061035156,100.68000030517578,100.87999725341797,76.87870025634766,5961200
2014-06-11,100.73999786376953,100.95999908447266,100.33000183105469,100.41999816894531,76.52815246582031,6606100
2014-06-12,100.41000366210938,101.01000213623047,99.54000091552734,99.76000213623047,76.025146484375,5609100
2014-06-13,99.41000366210938,100.58999633789062,99.41000366210938,100.48999786376953,76.58146667480469,4014600
2014-06-16,100.41999816894531,101.16999816894531,100.23999786376953,101.0999984741211,77.04634094238281,4038600
2014-06-17,100.91000366210938,101.83999633789062,100.81999969482422,101.2699966430664,77.1759262084961,6479700
2014-06-18,101.73999786376953,101.79000091552734,100.91000366210938,101.3499984741211,77.23687744140625,5441200
2014-06-19,101.04000091552734,102.02999877929688,101.04000091552734,101.91000366210938,77.66363525390625,3372200
2014-06-20,102.19999694824219,102.30000305175781,101.66000366210938,101.91999816894531,77.67124938964844,5418100
2014-06-23,101.63999938964844,101.98999786376953,101.51000213623047,101.91000366210938,77.66363525390625,2919000
2014-06-24,101.83999633789062,102.18000030517578,101.41000366210938,101.47000122070312,77.32830810546875,4586400
2014-06-25,101.08999633789062,101.9000015258789,101.02999877929688,101.61000061035156,77.43499755859375,3662000
2014-06-26,101.61000061035156,101.88999938964844,101.06999969482422,101.51000213623047,77.35880279541016,2783200
2014-06-27,101.25,101.66999816894531,101.1500015258789,101.45999908447266,77.32070922851562,2785500
2014-06-30,101.2699966430664,101.4800033569336,100.5,100.73999786376953,76.77201080322266,4265700
2014-07-01,100.43000030517578,101.36000061035156,100.23999786376953,101.0,76.97013854980469,3787700
2014-07-02,101.0199966430664,101.08000183105469,100.3499984741211,100.52999877929688,76.61196899414062,3216700
2014-07-03,101.31999969482422,101.31999969482422,100.73999786376953,100.9800033569336,76.95489501953125,2295800
2014-07-07,100.75,100.75,99.81999969482422,100.16999816894531,76.33760833740234,3951700
2014-07-08,99.79000091552734,100.56999969482422,99.7300033569336,100.08999633789062,76.27662658691406,3115100
2014-07-09,100.30000305175781,101.25,100.26000213623047,101.06999969482422,77.02347564697266,5604900
2014-07-10,100.22000122070312,101.05000305175781,100.16000366210938,100.58000183105469,76.65003967285156,3274900
2014-07-11,100.66000366210938,100.80999755859375,100.02999877929688,100.37000274658203,76.49005126953125,2812500
2014-07-14,100.69000244140625,100.7300033569336,100.30000305175781,100.47000122070312,76.56623840332031,4159900
2014-07-15,100.31999969482422,100.37000274658203,99.86000061035156,100.30000305175781,76.43668365478516,3787000
2014-07-16,99.6500015258789,99.80000305175781,98.76000213623047,99.2699966430664,75.65174865722656,7128700
2014-07-17,98.95999908447266,99.08999633789062,98.3499984741211,98.37000274658203,74.96588897705078,4099100
2014-07-18,98.63999938964844,99.08999633789062,98.12999725341797,98.98999786376953,75.4383544921875,4044900
2014-07-21,98.5199966430664,98.62999725341797,97.55000305175781,97.55000305175781,74.34098815917969,6510600
2014-07-22,95.38999938964844,96.8499984741211,95.0999984741211,96.2699966430664,73.36550903320312,12398100
2014-07-23,95.51000213623047,95.81999969482422,94.81999969482422,95.3499984741211,72.66438293457031,9483200
2014-07-24,95.4800033569336,95.62000274658203,95.2699966430664,95.3499984741211,72.66438293457031,7781700
2014-07-25,95.36000061035156,95.8499984741211,95.31999969482422,95.72000122070312,72.94635772705078,4992500
2014-07-28,95.5,95.97000122070312,95.38999938964844,95.77999877929688,72.99205017089844,4863100
2014-07-29,95.88999938964844,96.41999816894531,95.70999908447266,95.81999969482422,73.0225830078125,6712700
2014-07-30,96.19000244140625,96.33999633789062,95.56999969482422,95.94999694824219,73.12162780761719,6049800
2014-07-31,95.22000122070312,95.36000061035156,94.55999755859375,94.55999755859375,72.06236267089844,6826000
2014-08-01,94.30000305175781,94.7300033569336,94.19999694824219,94.30000305175781,71.86420440673828,4576400
2014-08-04,94.30000305175781,94.3499984741211,93.5199966430664,94.30999755859375,71.87181091308594,7652700
2014-08-05,94.0,94.30000305175781,93.3499984741211,93.43000030517578,71.20118713378906,5494800
2014-08-06,93.38999938964844,93.94999694824219,93.36000061035156,93.47000122070312,71.2316665649414,3728000
2014-08-07,93.81999969482422,94.0,93.23999786376953,93.30999755859375,71.10974884033203,3261100
2014-08-08,93.06999969482422,93.83999633789062,92.91999816894531,93.55000305175781,71.29264068603516,6505900
2014-08-11,93.7300033569336,93.91999816894531,93.45999908447266,93.52999877929688,71.27738189697266,4288400
2014-08-12,93.43000030517578,93.6500015258789,93.1500015258789,93.55999755859375,71.3002700805664,3235900
2014-08-13,93.75,94.31999969482422,93.55000305175781,93.95999908447266,71.6051025390625,3595800
2014-08-14,93.6500015258789,93.88999938964844,93.26000213623047,93.66000366210938,71.3764419555664,5644500
2014-08-15,94.06999969482422,94.47000122070312,93.41000366210938,93.79000091552734,71.47552490234375,4281300
2014-08-18,94.1500015258789,94.73999786376953,93.93000030517578,94.25,71.82610321044922,4398800
2014-08-19,94.5999984741211,94.75,94.26000213623047,94.44999694824219,71.97853088378906,3331700
2014-08-20,94.44999694824219,94.66000366210938,94.0,94.19000244140625,71.78036499023438,4150400
2014-08-21,94.30999755859375,94.76000213623047,94.23999786376953,94.52999877929688,72.03948974609375,5981600
2014-08-22,94.52999877929688,94.86000061035156,94.2699966430664,94.44999694824219,71.97853088378906,3586900
2014-08-25,94.8499984741211,95.37000274658203,94.41000366210938,94.44000244140625,71.97089385986328,4614300
2014-08-26,94.38999938964844,94.79000091552734,94.05000305175781,94.11000061035156,71.71942138671875,6392400
2014-08-27,94.2300033569336,94.68000030517578,93.5999984741211,94.6500015258789,72.13093566894531,9027300
2014-08-28,93.6500015258789,94.76000213623047,93.51000213623047,94.13999938964844,72.36152648925781,5492400
2014-08-29,94.19999694824219,94.19999694824219,93.51000213623047,93.72000122070312,72.03871154785156,4635100
2014-09-02,93.23999786376953,93.69999694824219,92.69000244140625,92.80000305175781,71.33154296875,6727100
2014-09-03,93.2699966430664,93.48999786376953,93.04000091552734,93.13999938964844,71.5928955078125,4855300
2014-09-04,93.0199966430664,93.2300033569336,92.80000305175781,93.01000213623047,71.49293518066406,4849800
2014-09-05,93.0999984741211,93.12000274658203,92.80000305175781,93.06999969482422,71.53907012939453,4004600
2014-09-08,92.80000305175781,92.81999969482422,92.19999694824219,92.5,71.10092163085938,5251900
2014-09-09,92.5999984741211,92.69999694824219,90.95999908447266,91.08999633789062,70.01710510253906,9795200
2014-09-10,90.83999633789062,93.05999755859375,90.52999877929688,93.0,71.48526763916016,12031400
2014-09-11,92.94000244140625,93.29000091552734,92.41999816894531,92.95999908447266,71.45451354980469,5960100
2014-09-12,92.94000244140625,93.83999633789062,92.81999969482422,93.33999633789062,71.74659729003906,7791300
2014-09-15,93.26000213623047,93.91000366210938,93.25,93.47000122070312,71.84651947021484,6255000
2014-09-16,93.2699966430664,94.11000061035156,93.25,93.75,72.06173706054688,5826200
2014-09-17,93.68000030517578,93.83000183105469,93.18000030517578,93.52999877929688,71.89263916015625,5738600
2014-09-18,93.43000030517578,93.9000015258789,93.26000213623047,93.4800033569336,71.8542251586914,5488900
2014-09-19,93.94999694824219,94.93000030517578,93.80000305175781,94.36000061035156,72.5306396484375,9043100
2014-09-22,94.12000274658203,94.47000122070312,93.81999969482422,93.93000030517578,72.20011901855469,4875700
2014-09-23,93.69999694824219,94.1500015258789,93.44000244140625,93.51000213623047,71.87728881835938,4702700
2014-09-24,93.69999694824219,95.31999969482422,93.66000366210938,95.0,73.0225830078125,7817900
2014-09-25,94.94000244140625,95.30999755859375,94.05999755859375,94.16000366210938,72.37691497802734,4569100
2014-09-26,94.05000305175781,94.87999725341797,94.0199966430664,94.69999694824219,72.79197692871094,3454400
2014-09-29,94.26000213623047,97.30000305175781,93.9800033569336,96.22000122070312,73.96033477783203,16489100
2014-09-30,96.2300033569336,96.36000061035156,94.33999633789062,94.80999755859375,72.87653350830078,10036400
2014-10-01,94.37000274658203,95.08000183105469,94.01000213623047,94.19000244140625,72.39995574951172,5334600
2014-10-02,94.02999877929688,94.5999984741211,94.0,94.12000274658203,72.34616088867188,4116000
2014-10-03,95.29000091552734,95.29000091552734,94.51000213623047,94.86000061035156,72.91497802734375,3948600
2014-10-06,94.36000061035156,94.43000030517578,93.69000244140625,93.83999633789062,72.13092803955078,4278600
2014-10-07,93.51000213623047,93.54000091552734,92.80000305175781,92.80999755859375,71.33922576904297,6093800
2014-10-08,93.08000183105469,93.94999694824219,92.80999755859375,93.83000183105469,72.12323760986328,5586600
2014-10-09,93.7699966430664,94.0,92.70999908447266,92.72000122070312,71.27005767822266,5068600
2014-10-10,92.76000213623047,93.44999694824219,92.30000305175781,92.30000305175781,70.94721221923828,5844900
2014-10-13,92.12999725341797,92.41999816894531,90.66000366210938,90.7300033569336,69.74042510986328,6173800
2014-10-14,90.80999755859375,91.73999786376953,90.62999725341797,91.0999984741211,70.02481079101562,5539500
2014-10-15,90.48999786376953,90.9800033569336,89.56999969482422,90.44000244140625,69.51750183105469,10468500
2014-10-16,89.38999938964844,90.29000091552734,89.33999633789062,89.91000366210938,69.11011505126953,7526400
2014-10-17,90.41000366210938,91.13999938964844,89.63999938964844,91.04000091552734,69.97867584228516,7074500
2014-10-20,90.95999908447266,91.58999633789062,90.70999908447266,91.58999633789062,70.40145111083984,5403200
2014-10-21,89.94999694824219,91.44999694824219,89.69999694824219,91.01000213623047,69.95562744140625,11422200
2014-10-22,90.69999694824219,91.51000213623047,90.5999984741211,90.94000244140625,69.90181732177734,6455600
2014-10-23,91.83999633789062,92.0999984741211,90.87999725341797,91.0199966430664,69.96331024169922,5966700
2014-10-24,90.69999694824219,91.79000091552734,90.55000305175781,91.66999816894531,70.46292877197266,5256600
2014-10-27,91.5199966430664,92.08999633789062,91.5,92.01000213623047,70.72429656982422,4071100
2014-10-28,92.4800033569336,92.5999984741211,91.69000244140625,92.5999984741211,71.17781829833984,5083000
2014-10-29,92.6500015258789,93.12000274658203,92.0,92.7300033569336,71.27771759033203,5295900
2014-10-30,92.56999969482422,93.38999938964844,92.48999786376953,93.37999725341797,71.77735137939453,3965500
2014-10-31,93.9000015258789,94.01000213623047,92.83000183105469,93.7300033569336,72.04639434814453,6795900
2014-11-03,93.77999877929688,93.77999877929688,93.0199966430664,93.61000061035156,71.95416259765625,4064900
2014-11-04,93.93000030517578,94.62999725341797,93.7699966430664,94.47000122070312,72.61517333984375,5802200
2014-11-05,95.0,95.06999969482422,94.38999938964844,94.63999938964844,72.74584197998047,4123800
2014-11-06,94.73999786376953,94.93000030517578,94.41999816894531,94.66000366210938,72.7612075805664,3597300
2014-11-07,94.4000015258789,95.0999984741211,94.05999755859375,95.0999984741211,73.0994644165039,4674600
2014-11-10,95.55999755859375,95.69000244140625,94.9800033569336,95.11000061035156,73.10714721679688,5123900
2014-11-11,95.22000122070312,95.41999816894531,94.93000030517578,95.13999938964844,73.13018798828125,3429000
2014-11-12,94.93000030517578,95.37999725341797,94.83000183105469,95.33000183105469,73.27622985839844,2725700
2014-11-13,95.5,96.22000122070312,95.18000030517578,95.4800033569336,73.39153289794922,4099800
2014-11-14,95.37999725341797,97.18000030517578,95.2699966430664,96.20999908447266,73.95266723632812,7793400
2014-11-17,96.05999755859375,96.08000183105469,95.5999984741211,95.97000122070312,73.7681655883789,3596500
2014-11-18,96.04000091552734,96.94999694824219,95.37000274658203,96.41000366210938,74.10639190673828,6258600
2014-11-19,96.73999786376953,97.30000305175781,96.43000030517578,96.55999755859375,74.22167205810547,6631300
2014-11-20,96.54000091552734,97.30000305175781,96.5,96.63999938964844,74.28318786621094,4551900
2014-11-21,97.47000122070312,97.5,96.41999816894531,96.68000030517578,74.31393432617188,5483700
2014-11-24,96.83000183105469,97.41999816894531,96.52999877929688,97.16999816894531,74.69055938720703,5222900
2014-11-25,97.19999694824219,97.33999633789062,96.8499984741211,97.0,74.55989074707031,5369000
2014-11-26,96.36000061035156,96.38999938964844,95.91999816894531,96.22000122070312,74.61418151855469,3667800
2014-11-28,95.9800033569336,97.4000015258789,95.97000122070312,96.80999755859375,75.07169342041016,3442900
2014-12-01,96.1500015258789,96.94000244140625,95.63999938964844,95.77999877929688,74.27297973632812,5273700
2014-12-02,95.20999908447266,97.0,94.76000213623047,95.11000061035156,73.75341796875,10389700
2014-12-03,94.80000305175781,95.56999969482422,94.77999877929688,95.5,74.05585479736328,5316700
2014-12-04,95.38999938964844,95.98999786376953,95.13999938964844,95.66000366210938,74.179931640625,5149300
2014-12-05,95.77999877929688,96.61000061035156,95.6500015258789,96.30999755859375,74.68395233154297,6209300
2014-12-08,93.41000366210938,97.5,92.2300033569336,92.61000061035156,71.81478881835938,11792700
2014-12-09,91.30000305175781,92.0,91.01000213623047,91.36000061035156,70.8454818725586,10066800
2014-12-10,91.04000091552734,91.29000091552734,89.51000213623047,90.0,69.79084777832031,12020800
2014-12-11,90.08999633789062,91.1500015258789,90.0199966430664,90.97000122070312,70.54307556152344,8972700
2014-12-12,90.66000366210938,91.38999938964844,90.43000030517578,90.62000274658203,70.27165985107422,8691000
2014-12-15,90.95999908447266,91.0999984741211,88.25,88.45999908447266,68.59664916992188,10121600
2014-12-16,88.06999969482422,90.75,87.62000274658203,88.72000122070312,68.79827880859375,15106700
2014-12-17,88.93000030517578,92.05000305175781,88.5,91.6500015258789,71.07035827636719,14010000
2014-12-18,92.27999877929688,93.73999786376953,91.6500015258789,93.66999816894531,72.63674926757812,11277100
2014-12-19,93.51000213623047,94.31999969482422,92.94999694824219,93.22000122070312,72.28780364990234,10284300
2014-12-22,93.27999877929688,94.0199966430664,93.02999877929688,93.88999938964844,72.80738067626953,5342200
2014-12-23,94.36000061035156,94.81999969482422,94.01000213623047,94.22000122070312,73.06327056884766,3590000
2014-12-24,94.22000122070312,94.54000091552734,93.73999786376953,93.83000183105469,72.76084899902344,1729700
2014-12-26,94.0999984741211,94.93000030517578,93.94999694824219,94.77999877929688,73.49752807617188,3884300
2014-12-29,94.31999969482422,95.45999908447266,94.2699966430664,95.04000091552734,73.69915771484375,4183200
2014-12-30,94.8499984741211,95.0,94.06999969482422,94.25,73.0865249633789,3257700
2014-12-31,93.75,94.80000305175781,93.56999969482422,93.69999694824219,72.66002655029297,4589300
2015-01-02,94.12999725341797,95.0,93.05000305175781,93.26000213623047,72.31884002685547,6019700
2015-01-05,93.30000305175781,93.68000030517578,92.22000122070312,92.2300033569336,71.52011108398438,6211900
2015-01-06,92.66999816894531,93.80999755859375,91.87999725341797,92.4000015258789,71.65193176269531,6484100
2015-01-07,93.26000213623047,94.05000305175781,92.86000061035156,94.01000213623047,72.90042114257812,6400300
2015-01-08,94.2300033569336,94.9800033569336,94.05000305175781,94.36000061035156,73.17182922363281,5476700
2015-01-09,93.97000122070312,93.97000122070312,92.77999877929688,93.20999908447266,72.28005981445312,4283300
2015-01-12,93.52999877929688,93.80999755859375,92.5999984741211,93.01000213623047,72.12496185302734,3989600
2015-01-13,93.94999694824219,94.44000244140625,92.41999816894531,92.83000183105469,71.9853744506836,5971200
2015-01-14,91.44999694824219,92.05000305175781,91.12000274658203,91.54000091552734,70.98505401611328,7745500
2015-01-15,91.97000122070312,92.3499984741211,90.97000122070312,91.37999725341797,70.86095428466797,5737500
2015-01-16,91.05000305175781,91.69000244140625,90.73999786376953,91.48999786376953,70.94628143310547,6927000
2015-01-20,91.63999938964844,91.87999725341797,90.2300033569336,90.80000305175781,70.4112319946289,6967300
2015-01-21,90.16000366210938,90.45999908447266,89.54000091552734,90.33999633789062,70.05449676513672,8682200
2015-01-22,90.62000274658203,90.97000122070312,89.83999633789062,90.88999938964844,70.48099517822266,7536400
2015-01-23,90.91999816894531,91.63999938964844,89.43000030517578,89.55999755859375,69.44965362548828,11496000
2015-01-26,89.38999938964844,90.69999694824219,89.29000091552734,90.66999816894531,70.31040954589844,7753300
2015-01-27,89.95999908447266,90.30999755859375,89.55999755859375,89.56999969482422,69.4574203491211,6640800
2015-01-28,89.73999786376953,89.81999969482422,88.7699966430664,88.77999877929688,68.84478759765625,6921300
2015-01-29,91.5,93.5,91.26000213623047,93.2699966430664,72.32659912109375,19146900
2015-01-30,92.6500015258789,93.30000305175781,92.30999755859375,92.44000244140625,71.68295288085938,12385400
2015-02-02,92.05000305175781,92.66000366210938,91.43000030517578,92.51000213623047,71.73724365234375,6751400
2015-02-03,92.63999938964844,93.9800033569336,92.44999694824219,93.91999816894531,72.83062744140625,7373000
2015-02-04,93.5,94.43000030517578,93.5,94.05000305175781,72.93144226074219,6464800
2015-02-05,94.0999984741211,94.83000183105469,94.0,94.33999633789062,73.15633392333984,5564100
2015-02-06,94.1500015258789,94.4800033569336,93.6500015258789,93.98999786376953,72.88492584228516,4662700
2015-02-09,93.30000305175781,93.44999694824219,92.54000091552734,92.72000122070312,71.90009307861328,8203000
2015-02-10,93.33000183105469,94.2300033569336,92.97000122070312,94.0199966430664,72.9081802368164,4697600
2015-02-11,94.16000366210938,94.33000183105469,93.30000305175781,94.20999908447266,73.0555191040039,5153900
2015-02-12,94.05000305175781,95.5999984741211,93.7699966430664,95.08999633789062,73.7379150390625,7910100
2015-02-13,95.4000015258789,95.8499984741211,94.93000030517578,95.6500015258789,74.17215728759766,6762200
2015-02-17,95.12000274658203,95.38999938964844,94.08999633789062,94.3499984741211,73.1640625,5972000
2015-02-18,94.2300033569336,94.79000091552734,94.0,94.58000183105469,73.3424301147461,5617500
2015-02-19,94.5,94.55000305175781,93.73999786376953,94.19000244140625,73.04000854492188,6312200
2015-02-20,94.16000366210938,94.48999786376953,93.55999755859375,94.19000244140625,73.04000854492188,8155000
2015-02-23,94.12000274658203,94.41000366210938,93.94999694824219,94.30999755859375,73.13304138183594,5682000
2015-02-24,94.08000183105469,95.33000183105469,93.69000244140625,94.9800033569336,73.65261840820312,5643600
2015-02-25,94.91000366210938,99.30999755859375,94.86000061035156,98.66000366210938,76.50627899169922,16751600
2015-02-26,97.43000030517578,99.87999725341797,97.0,99.51000213623047,77.83602142333984,16098800
2015-02-27,99.16999816894531,99.30000305175781,98.48999786376953,98.9000015258789,77.35885620117188,7552500
2015-03-02,98.9000015258789,101.08999633789062,98.30999755859375,100.0,78.21928405761719,12363300
2015-03-03,99.97000122070312,100.44000244140625,99.55000305175781,99.73999786376953,78.01593017578125,8149700
2015-03-04,99.80999755859375,100.4800033569336,99.18000030517578,100.25,78.4148178100586,9179400
2015-03-05,99.01000213623047,99.91999816894531,98.45999908447266,99.11000061035156,77.52313995361328,9438800
2015-03-06,98.2699966430664,98.98999786376953,96.95999908447266,97.12999725341797,75.9743881225586,9677900
2015-03-09,96.80999755859375,98.25,96.80999755859375,97.70999908447266,76.42806243896484,8460300
2015-03-10,96.91000366210938,97.12000274658203,96.0999984741211,96.29000091552734,75.31734466552734,7838900
2015-03-11,96.30000305175781,96.7699966430664,94.94000244140625,94.95999908447266,74.27703094482422,9391100
2015-03-12,95.41999816894531,96.44000244140625,95.27999877929688,96.25,75.28607177734375,8765100
2015-03-13,96.23999786376953,97.05000305175781,95.75,96.3499984741211,75.36427307128906,5152800
2015-03-16,96.93000030517578,97.47000122070312,96.73999786376953,97.1500015258789,75.99002838134766,4772200
2015-03-17,96.9000015258789,97.1500015258789,95.98999786376953,96.16999816894531,75.22348022460938,4530700
2015-03-18,96.01000213623047,97.23999786376953,95.33000183105469,97.0,75.87271881103516,5831000
2015-03-19,96.86000061035156,97.01000213623047,95.9800033569336,95.9800033569336,75.07489013671875,3615400
2015-03-20,96.31999969482422,97.72000122070312,96.12000274658203,97.05000305175781,75.91181945800781,10014000
2015-03-23,96.80000305175781,99.12000274658203,96.80000305175781,98.62000274658203,77.1398696899414,9232000
2015-03-24,98.45999908447266,99.83999633789062,98.06999969482422,99.36000061035156,77.71869659423828,7549900
2015-03-25,99.02999877929688,99.61000061035156,98.11000061035156,98.13999938964844,76.7643814086914,6030500
2015-03-26,97.5999984741211,97.97000122070312,96.19999694824219,97.63999938964844,76.37332153320312,10445800
2015-03-27,97.36000061035156,97.8499984741211,96.7699966430664,96.95999908447266,75.84141540527344,4642400
2015-03-30,97.43000030517578,98.31999969482422,97.37000274658203,97.87999725341797,76.56103515625,4074500
2015-03-31,97.81999969482422,98.43000030517578,97.44000244140625,97.44000244140625,76.21685791015625,5617000
2015-04-01,96.80999755859375,97.0199966430664,96.0,96.29000091552734,75.31734466552734,7484800
2015-04-02,95.95999908447266,96.23999786376953,94.70999908447266,95.83000183105469,74.95751953125,6614300
2015-04-06,95.75,96.81999969482422,95.44999694824219,96.27999877929688,75.30951690673828,4501300
2015-04-07,96.23999786376953,96.79000091552734,96.0999984741211,96.3499984741211,75.36427307128906,4443700
2015-04-08,96.7300033569336,97.5,95.9800033569336,96.8499984741211,75.75536346435547,4445200
2015-04-09,96.8499984741211,97.43000030517578,96.20999908447266,96.55000305175781,75.52070617675781,4790000
2015-04-10,96.9000015258789,97.94999694824219,96.55999755859375,97.80000305175781,76.49848937988281,5937800
2015-04-13,97.41000366210938,97.75,97.06999969482422,97.44000244140625,76.21685791015625,5197900
2015-04-14,97.16000366210938,97.73999786376953,96.97000122070312,97.58000183105469,76.32637786865234,4961100
2015-04-15,97.0,97.55000305175781,96.27999877929688,96.44000244140625,75.43467712402344,6604400
2015-04-16,96.37000274658203,97.44000244140625,95.51000213623047,95.62999725341797,74.80110168457031,5071700
2015-04-17,95.12999725341797,95.3499984741211,94.45999908447266,94.87999725341797,74.21446228027344,6933600
2015-04-20,95.0,96.26000213623047,95.0,96.18000030517578,75.23130798339844,4382400
2015-04-21,96.19000244140625,96.55000305175781,94.54000091552734,94.87000274658203,74.2066421508789,5981700
2015-04-22,97.0,99.3499984741211,96.23999786376953,97.83999633789062,76.52974700927734,19254300
2015-04-23,97.44000244140625,97.5199966430664,96.55999755859375,97.0,75.87271881103516,6336500
2015-04-24,96.98999786376953,99.08000183105469,96.83999633789062,98.73999786376953,77.23371887207031,7741300
2015-04-27,98.73999786376953,98.94000244140625,96.26000213623047,96.44000244140625,75.43467712402344,7282700
2015-04-28,96.2699966430664,96.88999938964844,95.77999877929688,96.83000183105469,75.73973083496094,4357400
2015-04-29,96.58000183105469,97.66999816894531,96.06999969482422,97.0199966430664,75.88835906982422,5697200
2015-04-30,96.6500015258789,97.37000274658203,96.41000366210938,96.55000305175781,75.52070617675781,8300300
2015-05-01,96.7300033569336,97.97000122070312,96.7300033569336,97.80000305175781,76.49848937988281,6280300
2015-05-04,96.56999969482422,98.62999725341797,96.05000305175781,96.12999725341797,75.19220733642578,8426300
2015-05-05,96.38999938964844,96.47000122070312,95.56999969482422,96.12999725341797,75.19220733642578,7637000
2015-05-06,96.0999984741211,96.66000366210938,95.87999725341797,96.38999938964844,75.39556884765625,6614500
2015-05-07,96.2699966430664,97.33000183105469,96.12000274658203,96.77999877929688,75.70063018798828,5018900
2015-05-08,98.19000244140625,99.1500015258789,97.79000091552734,98.2300033569336,76.8348159790039,7543100
2015-05-11,98.06999969482422,98.38999938964844,97.1500015258789,97.51000213623047,76.27162170410156,4123700
2015-05-12,97.38999938964844,98.3499984741211,96.91999816894531,97.94999694824219,76.61579895019531,4848100
2015-05-13,98.06999969482422,98.48999786376953,97.27999877929688,97.3499984741211,76.14649200439453,6526900
2015-05-14,97.66000366210938,97.87000274658203,97.27999877929688,97.70999908447266,76.42806243896484,4744000
2015-05-15,97.73999786376953,99.04000091552734,97.54000091552734,98.04000091552734,76.68619537353516,7607200
2015-05-18,97.97000122070312,98.25,97.62000274658203,98.0199966430664,76.67053985595703,4100800
2015-05-19,98.08999633789062,101.08000183105469,97.6500015258789,100.68000030517578,78.7511978149414,10809200
2015-05-20,100.87999725341797,100.9800033569336,99.41999816894531,100.11000061035156,78.3053207397461,6185100
2015-05-21,99.88999938964844,99.95999908447266,99.05999755859375,99.27999877929688,77.65608978271484,4729500
2015-05-22,99.1500015258789,99.4800033569336,98.83999633789062,98.98999786376953,77.42924499511719,4559500
2015-05-26,98.8499984741211,99.19999694824219,98.04000091552734,98.45999908447266,77.01472473144531,7123100
2015-05-27,98.97000122070312,99.22000122070312,98.19999694824219,98.66000366210938,77.171142578125,8129500
2015-05-28,98.0,98.20999908447266,96.19999694824219,96.4800033569336,76.12178802490234,10204000
2015-05-29,97.58999633789062,97.7699966430664,95.83999633789062,95.93000030517578,75.6878433227539,6439100
2015-06-01,95.83999633789062,96.91000366210938,95.83999633789062,96.22000122070312,75.91665649414062,4919200
2015-06-02,96.30000305175781,96.97000122070312,95.80999755859375,96.29000091552734,75.97187805175781,4430300
2015-06-03,96.37999725341797,97.06999969482422,95.97000122070312,96.5199966430664,76.15335083007812,4165700
2015-06-04,96.30000305175781,96.97000122070312,96.01000213623047,96.30999755859375,75.98764038085938,4702800
2015-06-05,95.93000030517578,96.08999633789062,95.47000122070312,95.54000091552734,75.38013458251953,3959300
2015-06-08,96.0,96.04000091552734,95.25,95.31999969482422,75.2065658569336,4594600
2015-06-09,95.5199966430664,95.55999755859375,94.48999786376953,94.7300033569336,74.74105072021484,7770900
2015-06-10,95.0199966430664,95.62999725341797,94.80999755859375,95.30000305175781,75.19078063964844,4828600
2015-06-11,95.5,96.33000183105469,95.5,95.58999633789062,75.41959381103516,4203900
2015-06-12,95.41999816894531,95.55000305175781,95.0,95.05999755859375,75.00141143798828,3702400
2015-06-15,94.73999786376953,95.0,94.0199966430664,94.30000305175781,74.40178680419922,5861800
2015-06-16,94.25,94.66999816894531,94.0999984741211,94.62999725341797,74.66216278076172,3094800
2015-06-17,94.54000091552734,95.5199966430664,94.54000091552734,95.22000122070312,75.12765502929688,3941000
2015-06-18,95.69000244140625,96.62999725341797,95.27999877929688,96.16999816894531,75.877197265625,5101000
2015-06-19,96.38999938964844,97.13999938964844,95.9800033569336,96.08000183105469,75.8061752319336,8279300
2015-06-22,96.30999755859375,97.02999877929688,96.13999938964844,96.87000274658203,76.42948150634766,3893300
2015-06-23,97.58999633789062,97.95999908447266,97.12000274658203,97.18000030517578,76.6740493774414,4541700
2015-06-24,96.75,97.44999694824219,96.63999938964844,96.63999938964844,76.24803161621094,3927100
2015-06-25,96.69999694824219,96.91000366210938,95.77999877929688,95.79000091552734,75.57737731933594,4322300
2015-06-26,96.12999725341797,97.3499984741211,95.93000030517578,97.29000091552734,76.76084899902344,6039500
2015-06-29,96.62000274658203,97.2300033569336,95.41999816894531,95.44000244140625,75.30126190185547,8412800
2015-06-30,95.93000030517578,96.30000305175781,94.54000091552734,95.06999969482422,75.00931549072266,6656000
2015-07-01,95.0999984741211,95.81999969482422,94.7300033569336,95.76000213623047,75.55369567871094,4446200
2015-07-02,96.12999725341797,96.5999984741211,95.58000183105469,96.16999816894531,75.877197265625,3250900
2015-07-06,95.88999938964844,96.27999877929688,95.25,95.6500015258789,75.46691131591797,3852500
2015-07-07,95.93000030517578,96.77999877929688,95.23999786376953,96.68000030517578,76.27958679199219,4794400
2015-07-08,95.6500015258789,96.58999633789062,95.6500015258789,95.83999633789062,75.61681365966797,4914300
2015-07-09,96.63999938964844,97.2699966430664,96.44000244140625,96.48999786376953,76.1296615600586,5482500
2015-07-10,97.25,97.77999877929688,96.94999694824219,97.6500015258789,77.04490661621094,5179200
2015-07-13,98.0,98.51000213623047,97.69999694824219,98.43000030517578,77.6603012084961,4578700
2015-07-14,98.12000274658203,99.05000305175781,97.95999908447266,98.77999877929688,77.93646240234375,5746100
2015-07-15,98.1500015258789,99.62999725341797,97.8499984741211,99.06999969482422,78.16526794433594,7572500
2015-07-16,99.11000061035156,99.11000061035156,97.20999908447266,97.86000061035156,77.21060943603516,7696200
2015-07-17,97.69999694824219,98.22000122070312,97.0,97.5,76.92656707763672,6429800
2015-07-20,97.77999877929688,98.20999908447266,97.4000015258789,97.48999786376953,76.91864013671875,4947000
2015-07-21,97.5999984741211,97.72000122070312,96.95999908447266,97.31999969482422,76.7845230102539,4206700
2015-07-22,97.70999908447266,98.25,97.43000030517578,97.58000183105469,76.98966979980469,5392600
2015-07-23,98.9000015258789,99.0,96.1500015258789,97.08999633789062,76.6030502319336,10380700
2015-07-24,97.41000366210938,97.41000366210938,96.08999633789062,96.0999984741211,75.82199096679688,5554600
2015-07-27,96.0,96.75,95.69999694824219,96.04000091552734,75.7746353149414,5818600
2015-07-28,96.4800033569336,97.41999816894531,96.31999969482422,97.33000183105469,76.79244232177734,4863000
2015-07-29,97.4800033569336,98.38999938964844,97.0,98.20999908447266,77.48676300048828,6006500
2015-07-30,97.58999633789062,99.33999633789062,97.58999633789062,99.16999816894531,78.24417877197266,5372500
2015-07-31,99.6500015258789,101.0999984741211,99.30000305175781,99.86000061035156,78.78858184814453,7647000
2015-08-03,100.0,100.18000030517578,99.0199966430664,99.41999816894531,78.44142150878906,4427300
2015-08-04,99.47000122070312,99.5199966430664,98.7699966430664,99.13999938964844,78.22051239013672,2842100
2015-08-05,99.83000183105469,100.13999938964844,99.26000213623047,99.80000305175781,78.74124145507812,3560600
2015-08-06,99.72000122070312,100.18000030517578,99.20999908447266,99.3499984741211,78.38616943359375,6740200
2015-08-07,99.29000091552734,99.41999816894531,98.44999694824219,98.91999816894531,78.04692840576172,3463700
2015-08-10,99.48999786376953,99.94999694824219,98.87000274658203,99.38999938964844,78.41775512695312,3994500
2015-08-11,98.69000244140625,99.16000366210938,98.4000015258789,98.80999755859375,77.96012115478516,3585000
2015-08-12,98.2699966430664,98.43000030517578,97.2300033569336,98.27999877929688,77.5419692993164,4167100
2015-08-13,98.06999969482422,99.81999969482422,97.98999786376953,99.37000274658203,78.40196228027344,4636400
2015-08-14,99.05000305175781,99.55999755859375,98.72000122070312,99.2699966430664,78.32306671142578,3185600
2015-08-17,99.0,100.91000366210938,98.91999816894531,100.66000366210938,79.41975402832031,5204100
2015-08-18,100.0,101.44000244140625,100.0,100.76000213623047,79.49866485595703,4257300
2015-08-19,100.44999694824219,101.87999725341797,100.19000244140625,101.0999984741211,79.76692962646484,5989000
2015-08-20,100.7300033569336,101.0,99.73999786376953,99.76000213623047,78.70967864990234,6668000
2015-08-21,99.37999725341797,99.38999938964844,97.12999725341797,97.12999725341797,76.63462829589844,10980000
2015-08-24,91.58000183105469,95.87999725341797,87.5,92.87000274658203,73.27352905273438,15074800
2015-08-25,95.47000122070312,95.4800033569336,91.02999877929688,91.20999908447266,71.96383666992188,11468800
2015-08-26,92.93000030517578,95.19999694824219,91.47000122070312,95.1500015258789,75.07244873046875,16439800
2015-08-27,95.87999725341797,97.37000274658203,95.56999969482422,97.33000183105469,76.79244232177734,10187100
2015-08-28,96.05000305175781,96.66000366210938,95.79000091552734,96.25,76.60936737060547,5606000
2015-08-31,95.7699966430664,95.87999725341797,94.8499984741211,95.0199966430664,75.63033294677734,5086600
2015-09-01,92.7699966430664,94.27999877929688,92.5999984741211,93.47000122070312,74.39664459228516,7308400
2015-09-02,95.62999725341797,96.12000274658203,94.55000305175781,96.04000091552734,76.44221496582031,6908100
2015-09-03,96.80000305175781,97.43000030517578,95.58000183105469,96.01000213623047,76.41834259033203,6313900
2015-09-04,95.05000305175781,95.58000183105469,94.30999755859375,94.8499984741211,75.49504852294922,4429100
2015-09-08,96.30999755859375,96.87999725341797,95.48999786376953,96.77999877929688,77.03120422363281,5771100
2015-09-09,97.29000091552734,97.38999938964844,95.22000122070312,95.43000030517578,75.95669555664062,5129400
2015-09-10,94.95999908447266,95.8499984741211,94.75,95.25,75.81340789794922,6210800
2015-09-11,95.47000122070312,97.41999816894531,95.26000213623047,97.41000366210938,77.53267669677734,6656300
2015-09-14,97.36000061035156,97.66000366210938,96.62999725341797,96.97000122070312,77.18242645263672,4557200
2015-09-15,97.29000091552734,98.58999633789062,96.73999786376953,98.19000244140625,78.15348052978516,5142600
2015-09-16,98.6500015258789,98.73999786376953,97.52999877929688,98.69000244140625,78.55147552490234,5198700
2015-09-17,98.56999969482422,98.97000122070312,97.38999938964844,97.83999633789062,77.87489318847656,7955000
2015-09-18,96.81999969482422,97.69999694824219,96.25,97.05000305175781,77.2461166381836,10492700
2015-09-21,97.4800033569336,98.16999816894531,97.01000213623047,97.9000015258789,77.92268371582031,4543500
2015-09-22,97.12000274658203,98.08000183105469,96.70999908447266,97.19999694824219,77.36549377441406,6254500
2015-09-23,97.23999786376953,97.8499984741211,97.01000213623047,97.37999725341797,77.50878143310547,3035300
2015-09-24,96.83000183105469,97.43000030517578,96.30000305175781,97.29000091552734,77.43714904785156,4138800
2015-09-25,97.88999938964844,98.69999694824219,97.45999908447266,97.58999633789062,77.6759262084961,4825800
2015-09-28,97.0,97.73999786376953,95.77999877929688,95.95999908447266,76.37852478027344,6609800
2015-09-29,97.45999908447266,97.79000091552734,96.80999755859375,97.4800033569336,77.58837890625,6944800
2015-09-30,98.20999908447266,98.69999694824219,97.76000213623047,98.52999877929688,78.42411804199219,5517600
2015-10-01,98.5,99.0,97.66999816894531,98.77999877929688,78.62307739257812,4456600
2015-10-02,97.33000183105469,99.80999755859375,97.12999725341797,99.79000091552734,79.427001953125,4400800
2015-10-05,100.2699966430664,101.63999938964844,100.19999694824219,101.16999816894531,80.525390625,6501600
2015-10-06,101.26000213623047,102.30000305175781,101.16000366210938,101.9000015258789,81.1064224243164,7252400
2015-10-07,100.75,101.9000015258789,100.33999633789062,101.7699966430664,81.00297546386719,6497100
2015-10-08,101.8499984741211,103.47000122070312,101.7699966430664,102.94999694824219,81.94216918945312,8218900
2015-10-09,103.0,103.44000244140625,102.2699966430664,102.76000213623047,81.79094696044922,5756600
2015-10-12,102.68000030517578,103.30999755859375,102.51000213623047,103.23999786376953,82.1729965209961,3448200
2015-10-13,102.8499984741211,103.51000213623047,102.62999725341797,103.37999725341797,82.28443145751953,4697300
2015-10-14,104.1500015258789,104.93000030517578,102.43000030517578,102.81999969482422,81.83869934082031,9093000
2015-10-15,102.56999969482422,105.19999694824219,101.5999984741211,103.66000366210938,82.50728607177734,10168300
2015-10-16,104.72000122070312,105.01000213623047,103.41000366210938,104.81999969482422,83.43058013916016,7168300
2015-10-19,104.23999786376953,105.1500015258789,104.1500015258789,104.48999786376953,83.16791534423828,7064300
2015-10-20,104.05000305175781,104.3499984741211,103.41999816894531,103.83999633789062,82.65056610107422,4872200
2015-10-21,103.9800033569336,104.25,102.08000183105469,102.54000091552734,81.61583709716797,7979600
2015-10-22,110.4000015258789,111.0,108.37999725341797,110.87000274658203,88.24601745605469,25286600
2015-10-23,111.18000030517578,112.87000274658203,111.0999984741211,112.58999633789062,89.61506652832031,11677300
2015-10-26,112.2300033569336,113.95999908447266,111.81999969482422,112.18000030517578,89.28871154785156,11478600
2015-10-27,112.2699966430664,112.3499984741211,110.58999633789062,111.63999938964844,88.85888671875,10013300
2015-10-28,111.69000244140625,112.94999694824219,111.4000015258789,112.94000244140625,89.89363098144531,4390300
2015-10-29,112.66000366210938,112.94999694824219,111.88999938964844,112.62000274658203,89.63892364501953,3752600
2015-10-30,112.87999725341797,113.29000091552734,112.25,112.25,89.34441375732422,6409500
2015-11-02,112.45999908447266,112.83999633789062,111.2300033569336,112.11000061035156,89.23297882080078,5663000
2015-11-03,111.91999816894531,112.30999755859375,111.2699966430664,112.08000183105469,89.20912170410156,4584900
2015-11-04,112.19000244140625,112.52999877929688,111.30999755859375,112.4000015258789,89.46382904052734,6797100
2015-11-05,112.5999984741211,113.44999694824219,112.1500015258789,112.8499984741211,89.82201385498047,5059100
2015-11-06,112.4000015258789,113.44000244140625,112.16000366210938,113.30999755859375,90.18812561035156,4615600
2015-11-09,113.44999694824219,113.4800033569336,112.4000015258789,112.93000030517578,89.88566589355469,8423800
2015-11-10,112.7699966430664,114.98999786376953,110.75,113.22000122070312,90.11648559570312,12716500
2015-11-11,113.66999816894531,114.43000030517578,113.54000091552734,113.8499984741211,90.61792755126953,8387800
2015-11-12,113.5,113.73999786376953,112.05999755859375,112.11000061035156,89.23297882080078,5893800
2015-11-13,111.8499984741211,112.36000061035156,109.91000366210938,109.97000122070312,87.52967834472656,8602400
2015-11-16,109.8499984741211,111.05999755859375,109.5999984741211,111.05999755859375,88.39724731445312,6731800
2015-11-17,111.04000091552734,111.81999969482422,110.45999908447266,110.94000244140625,88.30175018310547,6027600
2015-11-18,111.30000305175781,112.58999633789062,110.83999633789062,112.52999877929688,89.56727600097656,5194500
2015-11-19,112.52999877929688,113.70999908447266,112.30000305175781,113.30000305175781,90.18016052246094,5323500
2015-11-20,113.36000061035156,114.16999816894531,113.19000244140625,113.91000366210938,90.6656723022461,6659400
2015-11-23,114.01000213623047,114.9000015258789,113.91000366210938,114.47000122070312,91.11141967773438,4968400
2015-11-24,113.9000015258789,114.55999755859375,113.36000061035156,114.27999877929688,90.96019744873047,6047700
2015-11-25,114.2699966430664,114.91999816894531,113.94999694824219,114.4000015258789,91.05570220947266,7477200
2015-11-27,113.70999908447266,114.38999938964844,113.52999877929688,114.2300033569336,91.63328552246094,2763700
2015-11-30,114.37999725341797,114.48999786376953,113.55999755859375,114.16000366210938,91.57711029052734,7872000
2015-12-01,114.5199966430664,114.93000030517578,113.79000091552734,114.44999694824219,91.80973815917969,5321900
2015-12-02,114.0999984741211,114.2699966430664,113.44999694824219,113.72000122070312,91.22415924072266,5692200
2015-12-03,113.61000061035156,114.44000244140625,112.91000366210938,113.38999938964844,90.95943450927734,6558600
2015-12-04,113.75,116.38999938964844,113.41999816894531,116.19999694824219,93.21356201171875,7778200
2015-12-07,115.80999755859375,116.51000213623047,115.75,116.41999816894531,93.39005279541016,4810700
2015-12-08,115.94999694824219,116.86000061035156,115.26000213623047,116.52999877929688,93.4782943725586,4814200
2015-12-09,116.20999908447266,117.30000305175781,115.9000015258789,116.58000183105469,93.51841735839844,7604700
2015-12-10,116.61000061035156,117.51000213623047,116.19999694824219,117.19999694824219,94.01573944091797,5299900
2015-12-11,115.86000061035156,116.61000061035156,115.62000274658203,116.08000183105469,93.1173324584961,5736400
2015-12-14,116.16999816894531,117.06999969482422,114.6500015258789,116.26000213623047,93.26170349121094,7660700
2015-12-15,117.5,118.23999786376953,116.83999633789062,116.93000030517578,93.79917907714844,6118300
2015-12-16,117.48999786376953,118.75,116.48999786376953,117.83999633789062,94.52913665771484,6306300
2015-12-17,118.33999633789062,118.9000015258789,117.48999786376953,117.5,94.25640869140625,5275900
2015-12-18,116.73999786376953,117.27999877929688,115.88999938964844,116.66000366210938,93.58259582519531,11238900
2015-12-21,116.95999908447266,117.73999786376953,116.61000061035156,117.69000244140625,94.40880584716797,3344600
2015-12-22,117.95999908447266,118.04000091552734,116.63999938964844,117.72000122070312,94.43290710449219,4092000
2015-12-23,118.0199966430664,118.8499984741211,117.75,118.80000305175781,95.29924011230469,3641900
2015-12-24,118.75,118.98999786376953,118.5,118.56999969482422,95.1147232055664,1659300
2015-12-28,118.0999984741211,118.9000015258789,118.05000305175781,118.75,95.2591323852539,2777200
2015-12-29,119.0,120.2300033569336,118.81999969482422,120.06999969482422,96.31803131103516,3213900
2015-12-30,119.63999938964844,119.98999786376953,119.2300033569336,119.43000030517578,95.80460357666016,2400800
2015-12-31,118.81999969482422,119.18000030517578,117.94000244140625,118.13999938964844,94.76981353759766,3723200
2016-01-04,117.25,117.7300033569336,115.87000274658203,117.58000183105469,94.3205795288086,9995000
2016-01-05,117.41000366210938,119.2300033569336,117.29000091552734,119.19999694824219,95.6201171875,6314000
2016-01-06,118.0,119.2699966430664,117.80999755859375,118.4000015258789,94.9783706665039,6543800
2016-01-07,117.44000244140625,117.97000122070312,115.58999633789062,115.66000366210938,92.78038024902344,7477900
2016-01-08,115.75,117.47000122070312,115.26000213623047,115.4800033569336,92.63600158691406,6103400
2016-01-11,115.6500015258789,117.05999755859375,115.58000183105469,116.69000244140625,93.60662841796875,6392400
2016-01-12,117.02999877929688,117.73999786376953,116.16999816894531,117.44000244140625,94.20826721191406,5639700
2016-01-13,117.69000244140625,117.87000274658203,115.08000183105469,115.12000274658203,92.34722137451172,6986000
2016-01-14,115.58999633789062,117.12999725341797,113.0,116.62000274658203,93.55046844482422,9204500
2016-01-15,114.26000213623047,116.44999694824219,114.20999908447266,115.18000030517578,92.39533233642578,10201900
2016-01-19,116.62999725341797,117.70999908447266,115.95999908447266,117.5,94.25640869140625,9195300
2016-01-20,116.97000122070312,118.0,114.37999725341797,115.77999877929688,92.87665557861328,11905200
2016-01-21,116.51000213623047,118.44000244140625,115.79000091552734,117.83999633789062,94.52913665771484,9839100
2016-01-22,118.44000244140625,118.75,117.37000274658203,118.4000015258789,94.9783706665039,9016600
2016-01-25,121.8499984741211,121.9000015258789,118.19999694824219,119.19999694824219,95.6201171875,15141500
2016-01-26,119.5999984741211,121.30000305175781,119.0,120.43000030517578,96.60680389404297,8326100
2016-01-27,120.87999725341797,121.62000274658203,119.83000183105469,120.87000274658203,96.95976257324219,7409000
2016-01-28,121.0999984741211,122.5999984741211,120.19999694824219,122.37999725341797,98.17105865478516,7460500
2016-01-29,122.7699966430664,124.3499984741211,122.75,123.77999877929688,99.29412841796875,10549900
2016-02-01,123.08000183105469,124.83000183105469,123.0199966430664,124.61000061035156,99.95992279052734,6189900
2016-02-02,124.05000305175781,124.33999633789062,123.0999984741211,123.94999694824219,99.43046569824219,7653000
2016-02-03,124.36000061035156,124.58000183105469,120.83999633789062,121.47000122070312,97.44108581542969,9327000
2016-02-04,121.04000091552734,121.23999786376953,118.72000122070312,120.66000366210938,96.79130554199219,7595000
2016-02-05,120.6500015258789,120.6500015258789,114.95999908447266,115.4000015258789,92.5718002319336,13261700
2016-02-08,114.05000305175781,116.36000061035156,112.70999908447266,116.05000305175781,93.09325408935547,11311500
2016-02-09,115.54000091552734,117.80000305175781,115.3499984741211,117.01000213623047,93.86334991455078,7525700
2016-02-10,118.0199966430664,118.52999877929688,117.26000213623047,117.54000091552734,94.28849029541016,5726300
2016-02-11,115.73999786376953,117.5,115.69000244140625,116.7300033569336,93.63874816894531,7568600
2016-02-12,116.72000122070312,118.33000183105469,116.0999984741211,117.93000030517578,94.60135650634766,8552800
2016-02-16,118.41999816894531,119.18000030517578,117.5999984741211,119.18000030517578,95.60405731201172,10835800
2016-02-17,119.18000030517578,119.4000015258789,116.72000122070312,118.63999938964844,95.17090606689453,12729000
2016-02-18,118.80999755859375,119.45999908447266,116.93000030517578,117.16999816894531,93.99168395996094,9707100
2016-02-19,117.0,117.3499984741211,115.80999755859375,116.52999877929688,93.4782943725586,10793700
2016-02-22,116.52999877929688,118.16000366210938,116.52999877929688,117.66999816894531,94.39278411865234,6223300
2016-02-23,117.3499984741211,118.1500015258789,116.8499984741211,116.9000015258789,93.77511596679688,5276700
2016-02-24,116.31999969482422,117.33000183105469,115.80000305175781,117.05999755859375,93.90345001220703,5349800
2016-02-25,117.43000030517578,118.5,117.16000366210938,118.37000274658203,94.95430755615234,6034000
2016-02-26,117.9800033569336,118.2699966430664,116.16999816894531,117.05999755859375,94.6148452758789,5193700
2016-02-29,116.80000305175781,118.37000274658203,116.70999908447266,117.19000244140625,94.71990966796875,6467700
2016-03-01,117.91000366210938,119.19000244140625,117.7699966430664,118.8499984741211,96.06163787841797,4731500
2016-03-02,118.55999755859375,118.7300033569336,117.66000366210938,118.4800033569336,95.7625732421875,4267700
2016-03-03,117.4800033569336,117.4800033569336,115.31999969482422,116.69000244140625,94.31578063964844,9132000
2016-03-04,116.72000122070312,117.44999694824219,115.9000015258789,117.18000030517578,94.7118148803711,5857400
2016-03-07,117.02999877929688,117.56999969482422,116.12000274658203,117.1500015258789,94.68756866455078,5640700
2016-03-08,116.20999908447266,119.08000183105469,116.20999908447266,118.41999816894531,95.71408081054688,6236200
2016-03-09,119.23999786376953,120.19999694824219,118.45999908447266,119.63999938964844,96.70014190673828,6428200
2016-03-10,119.91000366210938,120.86000061035156,118.66000366210938,119.9800033569336,96.97494506835938,6171200
2016-03-11,120.48999786376953,122.01000213623047,120.36000061035156,121.55000305175781,98.24394226074219,7042300
2016-03-14,121.80999755859375,123.48999786376953,121.44999694824219,122.9000015258789,99.33507537841797,7912100
2016-03-15,122.30000305175781,123.76000213623047,122.20999908447266,123.43000030517578,99.76344299316406,5061400
2016-03-16,123.33000183105469,124.05999755859375,122.66999816894531,123.5199966430664,99.836181640625,6716700
2016-03-17,123.2699966430664,123.8499984741211,123.11000061035156,123.16000366210938,99.54522705078125,6108700
2016-03-18,123.43000030517578,124.12000274658203,122.75,124.08000183105469,100.28881072998047,14783800
2016-03-21,123.66000366210938,124.5,123.05000305175781,123.80999755859375,100.07058715820312,4050100
2016-03-22,123.79000091552734,124.38999938964844,123.55999755859375,123.81999969482422,100.07866668701172,3494500
2016-03-23,124.0999984741211,125.0,123.86000061035156,124.19000244140625,100.37773895263672,4143600
2016-03-24,123.69000244140625,124.0,122.66000366210938,123.29000091552734,99.6502914428711,5796700
2016-03-28,124.0,124.19999694824219,123.12000274658203,123.16999816894531,99.55329895019531,4784400
2016-03-29,123.43000030517578,124.56999969482422,123.33999633789062,123.97000122070312,100.19991302490234,7188200
2016-03-30,124.9000015258789,126.0999984741211,124.5999984741211,125.83000183105469,101.70328521728516,4853700
2016-03-31,126.1500015258789,126.95999908447266,125.61000061035156,125.68000030517578,101.58202362060547,7685900
2016-04-01,125.19000244140625,127.38999938964844,124.87000274658203,127.0199966430664,102.66510009765625,5212400
2016-04-04,127.05000305175781,127.87000274658203,126.87999725341797,127.56999969482422,103.1096420288086,4239300
2016-04-05,126.83999633789062,127.77999877929688,126.38999938964844,127.37999725341797,102.9560775756836,6282200
2016-04-06,127.47000122070312,127.69000244140625,126.83999633789062,127.5199966430664,103.06919860839844,5619900
2016-04-07,127.37000274658203,128.52000427246094,127.0199966430664,128.13999938964844,103.5703353881836,4720800
2016-04-08,128.27999877929688,128.74000549316406,127.27999877929688,127.95999908447266,103.42485809326172,3625600
2016-04-11,128.35000610351562,128.69000244140625,127.44999694824219,127.55999755859375,103.10155487060547,6973700
2016-04-12,128.0800018310547,128.27999877929688,126.88999938964844,127.61000061035156,103.1419448852539,5211400
2016-04-13,127.70999908447266,127.91999816894531,126.08000183105469,126.88999938964844,102.5600357055664,4985200
2016-04-14,127.13999938964844,128.08999633789062,127.04000091552734,127.51000213623047,103.06114196777344,4834800
2016-04-15,127.08000183105469,128.0399932861328,126.95999908447266,127.77999877929688,103.27936553955078,3103800
2016-04-18,127.77999877929688,128.91000366210938,127.68000030517578,128.85000610351562,104.14421081542969,4525600
2016-04-19,128.91000366210938,129.35000610351562,128.1199951171875,128.86000061035156,104.15228271484375,4606300
2016-04-20,129.30999755859375,129.8000030517578,128.50999450683594,128.5500030517578,103.90172576904297,5006700
2016-04-21,128.5500030517578,128.75,125.5999984741211,125.79000091552734,101.67095184326172,7947600
2016-04-22,128.1699981689453,128.39999389648438,125.36000061035156,125.5,101.43653106689453,9311300
2016-04-25,125.06999969482422,127.52999877929688,125.01000213623047,127.45999908447266,103.0207290649414,6979900
2016-04-26,127.41999816894531,128.33999633789062,127.02999877929688,127.70999908447266,103.22280883789062,4082300
2016-04-27,127.94000244140625,128.55999755859375,127.77999877929688,128.3000030517578,103.69965362548828,4436200
2016-04-28,127.86000061035156,128.85000610351562,127.44000244140625,127.91999816894531,103.39252471923828,3385800
2016-04-29,127.93000030517578,127.93000030517578,126.0999984741211,126.48999786376953,102.23672485351562,6276900
2016-05-02,126.6500015258789,128.22000122070312,126.5,128.1999969482422,103.61883544921875,4830800
2016-05-03,127.4000015258789,128.99000549316406,127.37999725341797,128.39999389648438,103.78047943115234,4048400
2016-05-04,127.56999969482422,130.42999267578125,127.56999969482422,129.3300018310547,104.53216552734375,6613700
2016-05-05,129.30999755859375,129.97999572753906,129.0,129.27999877929688,104.49173736572266,4519700
2016-05-06,129.3800048828125,130.5800018310547,128.58999633789062,130.5800018310547,105.54248809814453,4418400
2016-05-09,130.64999389648438,131.5,130.35000610351562,130.8300018310547,105.74456787109375,5006800
2016-05-10,130.85000610351562,131.9600067138672,130.85000610351562,131.60000610351562,106.366943359375,4082600
2016-05-11,131.24000549316406,131.6199951171875,129.13999938964844,129.13999938964844,104.37861633300781,6890200
2016-05-12,129.74000549316406,130.5399932861328,129.16000366210938,130.1199951171875,105.17066955566406,4286800
2016-05-13,129.74000549316406,130.16000366210938,128.7100067138672,128.8300018310547,104.12806701660156,6568700
2016-05-16,128.50999450683594,129.72999572753906,128.0500030517578,129.63999938964844,104.78270721435547,4343600
2016-05-17,129.60000610351562,129.97000122070312,127.30000305175781,127.69000244140625,103.20663452148438,5826200
2016-05-18,127.05000305175781,127.47000122070312,125.7300033569336,126.20999908447266,102.0103988647461,7303200
2016-05-19,125.4800033569336,125.5999984741211,124.68000030517578,125.29000091552734,101.26681518554688,6255100
2016-05-20,124.73999786376953,125.0,122.13999938964844,122.55999755859375,99.06026458740234,9735900
2016-05-23,122.76000213623047,123.7300033569336,122.47000122070312,122.80999755859375,99.2623291015625,7081600
2016-05-24,123.38999938964844,124.7699966430664,123.01000213623047,123.94999694824219,100.1837387084961,4494100
2016-05-25,123.75,123.98999786376953,123.02999877929688,123.26000213623047,99.62606048583984,5307400
2016-05-26,123.37999725341797,123.9800033569336,123.2300033569336,123.79000091552734,100.0544204711914,3716300
2016-05-27,124.2699966430664,124.68000030517578,123.12000274658203,123.25,99.61795043945312,3222800
2016-05-31,123.30000305175781,123.41000366210938,121.62000274658203,122.05999755859375,98.65611267089844,7995200
2016-06-01,122.05999755859375,122.73999786376953,121.5,121.97000122070312,98.58338928222656,5057200
2016-06-02,120.69999694824219,121.51000213623047,120.55000305175781,121.16999816894531,98.65666198730469,4740200
2016-06-03,121.08999633789062,121.66999816894531,120.33999633789062,121.3499984741211,98.80323028564453,4643000
2016-06-06,121.79000091552734,122.16999816894531,121.20999908447266,122.0,99.33244323730469,4901700
2016-06-07,122.33999633789062,123.37999725341797,121.9000015258789,121.9000015258789,99.25101470947266,4562100
2016-06-08,121.9800033569336,122.48999786376953,120.88999938964844,122.11000061035156,99.42201232910156,3925900
2016-06-09,122.06999969482422,123.08999633789062,122.06999969482422,122.79000091552734,99.97567749023438,4583400
2016-06-10,121.80000305175781,122.66000366210938,121.61000061035156,122.36000061035156,99.6255874633789,4347400
2016-06-13,121.94999694824219,123.97000122070312,121.8499984741211,122.98999786376953,100.13849639892578,5436700
2016-06-14,122.54000091552734,123.19000244140625,121.93000030517578,122.51000213623047,99.74768829345703,6351400
2016-06-15,123.1500015258789,123.31999969482422,122.12999725341797,122.25,99.53600311279297,4168100
2016-06-16,121.83999633789062,122.62999725341797,120.94999694824219,122.47000122070312,99.71511840820312,3931800
2016-06-17,122.2300033569336,122.70999908447266,121.41999816894531,122.2699966430664,99.55228424072266,8331400
2016-06-20,123.31999969482422,124.08000183105469,123.2699966430664,123.41999816894531,100.48860168457031,5951000
2016-06-21,123.91999816894531,124.0,122.30999755859375,122.62999725341797,99.84539794921875,4749000
2016-06-22,121.30999755859375,121.44999694824219,120.05000305175781,120.62000274658203,98.2088623046875,6578900
2016-06-23,121.4800033569336,121.75,120.63999938964844,121.20999908447266,98.6892318725586,3832800
2016-06-24,118.76000213623047,121.11000061035156,118.29000091552734,119.44000244140625,97.24809265136719,6985900
2016-06-27,118.16000366210938,118.16000366210938,116.08000183105469,116.30000305175781,94.6915054321289,14150500
2016-06-28,117.19999694824219,118.63999938964844,116.83000183105469,118.5,96.48274993896484,6173000
2016-06-29,119.16000366210938,119.95999908447266,119.0,119.48999786376953,97.28880310058594,5020400
2016-06-30,119.68000030517578,120.44999694824219,119.30000305175781,120.33999633789062,97.98087310791016,4808100
2016-07-01,119.72000122070312,120.86000061035156,119.66000366210938,120.4000015258789,98.02974700927734,3798100
2016-07-05,120.12000274658203,120.80000305175781,120.0999984741211,120.76000213623047,98.32282257080078,5191100
2016-07-06,119.29000091552734,120.95999908447266,119.0,120.62999725341797,98.21697235107422,5102800
2016-07-07,120.88999938964844,121.23999786376953,120.41000366210938,120.91999816894531,98.45310974121094,3621300
2016-07-08,121.22000122070312,121.69000244140625,121.08000183105469,121.30999755859375,98.77066040039062,3809600
2016-07-11,121.69000244140625,122.12000274658203,121.45999908447266,122.0,99.33244323730469,4266300
2016-07-12,122.0,122.58999633789062,121.95999908447266,122.25,99.53600311279297,3742000
2016-07-13,122.36000061035156,123.0199966430664,122.16000366210938,122.81999969482422,100.00009155273438,3464200
2016-07-14,123.69999694824219,124.20999908447266,123.01000213623047,123.93000030517578,100.90385437011719,6011900
2016-07-15,124.41999816894531,124.44000244140625,123.38999938964844,123.61000061035156,100.64331817626953,3688400
2016-07-18,124.0,124.0,123.38999938964844,123.80000305175781,100.79801940917969,5254700
2016-07-19,124.08000183105469,126.5999984741211,123.75,126.5,102.9963607788086,6277700
2016-07-20,126.83999633789062,126.87000274658203,125.55999755859375,126.05999755859375,102.63809967041016,3353300
2016-07-21,126.41999816894531,127.2300033569336,125.93000030517578,127.18000030517578,103.55001068115234,3572100
2016-07-22,127.29000091552734,128.60000610351562,127.29000091552734,128.25999450683594,104.42935180664062,4304200
2016-07-25,127.94999694824219,127.94999694824219,126.86000061035156,127.4000015258789,103.72913360595703,6210100
2016-07-26,123.5,124.3499984741211,120.97000122070312,121.70999908447266,99.09632110595703,14563700
2016-07-27,121.69000244140625,121.79000091552734,119.23999786376953,119.4800033569336,97.28064727783203,9939200
2016-07-28,119.58999633789062,120.18000030517578,118.36000061035156,119.41999816894531,97.23179626464844,6239400
2016-07-29,119.13999938964844,119.66000366210938,117.43000030517578,117.6500015258789,95.79067993164062,7460900
2016-08-01,117.87999725341797,118.38999938964844,117.73999786376953,118.01000213623047,96.08377838134766,4208800
2016-08-02,118.18000030517578,118.70999908447266,117.11000061035156,117.69999694824219,95.83135986328125,4504200
2016-08-03,117.7699966430664,118.0199966430664,117.13999938964844,117.5199966430664,95.6848373413086,4120000
2016-08-04,117.8499984741211,118.55000305175781,117.58000183105469,118.30000305175781,96.31987762451172,4313200
2016-08-05,118.77999877929688,119.44999694824219,118.5999984741211,119.20999908447266,97.06083679199219,3883800
2016-08-08,119.16999816894531,119.37000274658203,118.19999694824219,118.29000091552734,96.31175231933594,3589300
2016-08-09,117.9800033569336,119.12999725341797,117.5999984741211,118.30999755859375,96.32804107666016,3491700
2016-08-10,118.0,118.94000244140625,117.6500015258789,118.80000305175781,96.72700500488281,2941700
2016-08-11,118.87000274658203,119.75,118.8499984741211,119.37999725341797,97.1992416381836,3490200
2016-08-12,119.56999969482422,120.0199966430664,119.27999877929688,119.5199966430664,97.313232421875,3015700
2016-08-15,119.0199966430664,119.25,118.5199966430664,118.5199966430664,96.49903106689453,3391600
2016-08-16,118.30999755859375,118.52999877929688,117.91999816894531,117.94000244140625,96.02677917480469,3333900
2016-08-17,117.9800033569336,117.9800033569336,116.5199966430664,117.0999984741211,95.34286499023438,5184900
2016-08-18,117.23999786376953,117.37000274658203,116.80000305175781,117.12999725341797,95.36727905273438,3710500
2016-08-19,116.80000305175781,116.80000305175781,115.0,115.01000213623047,93.64118957519531,7065700
2016-08-22,115.0,115.7300033569336,114.6500015258789,115.41999816894531,93.97500610351562,4484700
2016-08-23,115.91000366210938,116.12000274658203,115.05000305175781,115.19000244140625,93.78772735595703,4305400
2016-08-24,115.1500015258789,115.4000015258789,114.7300033569336,114.87000274658203,93.52720642089844,4135400
2016-08-25,115.0999984741211,115.77999877929688,114.87999725341797,115.43000030517578,93.98316192626953,6694100
2016-08-26,115.62999725341797,115.72000122070312,113.95999908447266,114.44000244140625,93.17713165283203,5294500
2016-08-29,114.5999984741211,115.6500015258789,114.5,115.41000366210938,93.96687316894531,4983000
2016-08-30,115.41000366210938,115.87000274658203,114.5999984741211,115.36000061035156,94.65612030029297,5085300
2016-08-31,115.51000213623047,116.0,115.19999694824219,115.66000366210938,94.90226745605469,5394700
2016-09-01,115.51000213623047,115.80999755859375,114.86000061035156,115.4000015258789,94.68891143798828,3966600
2016-09-02,115.93000030517578,116.11000061035156,115.69999694824219,115.83000183105469,95.04174041748047,3410100
2016-09-06,117.08999633789062,119.23999786376953,116.91000366210938,117.25,96.2069091796875,6337900
2016-09-07,117.2699966430664,117.48999786376953,116.44000244140625,116.91999816894531,95.93614959716797,2647700
2016-09-08,116.81999969482422,117.11000061035156,116.04000091552734,116.16999816894531,95.32074737548828,3085600
2016-09-09,115.5999984741211,115.76000213623047,114.58000183105469,114.58000183105469,94.01610565185547,4961100
2016-09-12,114.47000122070312,116.18000030517578,114.12999725341797,115.94999694824219,95.14022064208984,5014000
2016-09-13,115.61000061035156,115.61000061035156,114.4800033569336,114.7300033569336,94.13916015625,4162200
2016-09-14,115.0,115.66000366210938,114.81999969482422,115.18000030517578,94.50840759277344,4530700
2016-09-15,114.87999725341797,116.23999786376953,114.7699966430664,116.13999938964844,95.2961196899414,3671200
2016-09-16,115.68000030517578,116.26000213623047,114.83000183105469,115.27999877929688,94.59048461914062,9500500
2016-09-19,115.83000183105469,116.41000366210938,114.95999908447266,115.20999908447266,94.53302001953125,3741500
2016-09-20,115.72000122070312,116.62999725341797,115.5,116.44999694824219,95.55048370361328,3841800
2016-09-21,116.48999786376953,117.05000305175781,115.95999908447266,116.93000030517578,95.94435119628906,4528900
2016-09-22,117.45999908447266,117.94999694824219,117.27999877929688,117.36000061035156,96.29718780517578,3808800
2016-09-23,116.48999786376953,117.5199966430664,116.3499984741211,117.16999816894531,96.14127349853516,2776000
2016-09-26,116.80000305175781,116.94000244140625,116.27999877929688,116.52999877929688,95.61613464355469,3022400
2016-09-27,116.94999694824219,117.19999694824219,116.37000274658203,116.87999725341797,95.9032974243164,3745400
2016-09-28,116.37999725341797,116.52999877929688,114.45999908447266,115.18000030517578,94.50840759277344,5638900
2016-09-29,115.19999694824219,115.97000122070312,114.7300033569336,114.79000091552734,94.18840789794922,4924400
2016-09-30,114.69000244140625,115.70999908447266,114.69000244140625,115.36000061035156,94.65612030029297,4188700
2016-10-03,115.01000213623047,115.1500015258789,114.41000366210938,114.63999938964844,94.0653305053711,3085800
2016-10-04,114.98999786376953,115.51000213623047,113.41999816894531,113.5,93.12992858886719,4742900
2016-10-05,113.91000366210938,114.83000183105469,113.37999725341797,113.41000366210938,93.05607604980469,3720300
2016-10-06,113.25,114.22000122070312,112.4000015258789,113.91999816894531,93.47454833984375,3900000
2016-10-07,113.97000122070312,114.33999633789062,113.22000122070312,113.44999694824219,93.08891296386719,4153100
2016-10-10,114.20999908447266,114.98999786376953,114.16000366210938,114.70999908447266,94.12277221679688,3290300
2016-10-11,114.6500015258789,115.2300033569336,113.55999755859375,113.68000030517578,93.27762603759766,3943300
2016-10-12,113.5999984741211,115.2300033569336,113.54000091552734,114.70999908447266,94.12277221679688,3340200
2016-10-13,114.13999938964844,115.73999786376953,114.06999969482422,115.41000366210938,94.69713592529297,4464700
2016-10-14,114.9000015258789,115.11000061035156,114.06999969482422,114.08999633789062,93.61402893066406,5312500
2016-10-17,113.91000366210938,114.4000015258789,112.0999984741211,112.41000366210938,92.23556518554688,5655700
2016-10-18,112.88999938964844,113.08999633789062,111.2300033569336,111.25,91.28373718261719,6198400
2016-10-19,111.70999908447266,111.7699966430664,111.12000274658203,111.26000213623047,91.29193115234375,6433400
2016-10-20,111.30000305175781,111.30000305175781,110.33000183105469,110.56999969482422,90.72576904296875,7250700
2016-10-21,113.2699966430664,114.5,112.75,113.93000030517578,93.48274230957031,10108000
2016-10-24,114.25,114.5,112.63999938964844,113.56999969482422,93.1873779296875,6173500
2016-10-25,113.5,113.54000091552734,112.66999816894531,112.72000122070312,92.48992919921875,4879000
2016-10-26,112.2699966430664,112.69999694824219,111.4000015258789,112.11000061035156,91.98938751220703,3763100
2016-10-27,112.16999816894531,112.48999786376953,111.77999877929688,112.08000183105469,91.96479797363281,2960700
2016-10-28,112.26000213623047,112.3499984741211,111.52999877929688,112.0999984741211,91.981201171875,3304700
2016-10-31,112.45999908447266,112.7300033569336,111.79000091552734,112.56999969482422,92.36685180664062,4181600
2016-11-01,112.6500015258789,112.7699966430664,111.94999694824219,112.25,92.10426330566406,3935600
2016-11-02,112.0999984741211,112.7699966430664,111.81999969482422,112.38999938964844,92.21915435791016,3512500
2016-11-03,112.73999786376953,112.8499984741211,111.5199966430664,111.72000122070312,91.66940307617188,3890700
2016-11-04,111.98999786376953,112.0,110.83000183105469,111.04000091552734,91.11141967773438,3457400
2016-11-07,112.0,113.27999877929688,111.87999725341797,112.81999969482422,92.57196044921875,3842400
2016-11-08,113.01000213623047,114.25,113.0,114.11000061035156,93.63046264648438,3300200
2016-11-09,112.08999633789062,115.41999816894531,111.80000305175781,114.9800033569336,94.34429931640625,5099500
2016-11-10,115.02999877929688,115.04000091552734,113.77999877929688,114.51000213623047,93.95866394042969,4437700
2016-11-11,114.66999816894531,114.95999908447266,114.16999816894531,114.22000122070312,93.720703125,4331200
2016-11-14,114.98999786376953,118.75,114.72000122070312,117.86000061035156,96.70743560791016,7093200
2016-11-15,117.58000183105469,118.4800033569336,117.0199966430664,118.31999969482422,97.08486938476562,4447900
2016-11-16,118.86000061035156,119.5999984741211,118.47000122070312,119.20999908447266,97.81514739990234,5371100
2016-11-17,118.88999938964844,119.5,118.27999877929688,119.44999694824219,98.0120620727539,2836600
2016-11-18,119.26000213623047,120.23999786376953,118.91000366210938,120.0,98.46334838867188,3655400
2016-11-21,119.80000305175781,120.5,118.95999908447266,119.5,98.05309295654297,3603300
2016-11-22,119.5,120.29000091552734,118.87999725341797,119.69000244140625,98.20902252197266,3699100
2016-11-23,119.7300033569336,120.76000213623047,119.7300033569336,120.13999938964844,98.57821655273438,2860200
2016-11-25,120.08000183105469,120.98999786376953,119.91999816894531,120.66000366210938,99.00492095947266,1709100
2016-11-28,120.37999725341797,121.87000274658203,120.2300033569336,121.81999969482422,99.95672607421875,5931700
2016-11-29,120.37999725341797,120.79000091552734,119.0199966430664,120.68000030517578,99.79135131835938,6370900
2016-11-30,120.22000122070312,120.48999786376953,119.2699966430664,119.2699966430664,98.6253890991211,5696100
2016-12-01,118.95999908447266,118.95999908447266,117.87000274658203,118.47000122070312,97.9638671875,4445000
2016-12-02,118.0,118.5,117.70999908447266,118.23999786376953,97.77368927001953,3348700
2016-12-05,119.44999694824219,120.33999633789062,119.02999877929688,119.29000091552734,98.64195251464844,5191900
2016-12-06,119.29000091552734,119.6500015258789,118.5999984741211,119.25,98.60885620117188,3368000
2016-12-07,119.41000366210938,120.12999725341797,118.47000122070312,119.91999816894531,99.16288757324219,4059900
2016-12-08,120.05000305175781,121.1500015258789,119.5,120.44999694824219,99.60111999511719,3255100
2016-12-09,120.56999969482422,121.2699966430664,120.20999908447266,121.26000213623047,100.27095031738281,2623700
2016-12-12,121.56999969482422,122.25,121.26000213623047,121.73999786376953,100.66785430908203,4172000
2016-12-13,121.77999877929688,122.91999816894531,121.76000213623047,122.68000030517578,101.4451675415039,4308000
2016-12-14,122.87000274658203,123.4000015258789,122.38999938964844,122.83999633789062,101.5774917602539,4967400
2016-12-15,122.97000122070312,123.36000061035156,121.7699966430664,122.36000061035156,101.1805419921875,4402800
2016-12-16,122.88999938964844,123.83999633789062,122.54000091552734,123.23999786376953,101.90821838378906,10793800
2016-12-19,123.2300033569336,123.66000366210938,122.7699966430664,122.98999786376953,101.70149993896484,3545500
2016-12-20,123.18000030517578,123.9000015258789,122.70999908447266,123.33000183105469,101.98265075683594,2768800
2016-12-21,123.1500015258789,123.76000213623047,123.0999984741211,123.18000030517578,101.85862731933594,2762800
2016-12-22,123.12000274658203,124.0,123.08999633789062,123.72000122070312,102.30513763427734,3037100
2016-12-23,123.37000274658203,123.83000183105469,123.06999969482422,123.13999938964844,101.82555389404297,2164100
2016-12-27,123.30000305175781,123.6500015258789,122.97000122070312,123.06999969482422,101.76763153076172,1919300
2016-12-28,122.93000030517578,123.3499984741211,122.61000061035156,122.68000030517578,101.4451675415039,1980200
2016-12-29,122.76000213623047,123.36000061035156,122.76000213623047,122.79000091552734,101.53612518310547,1943300
2016-12-30,122.79000091552734,123.16000366210938,121.44000244140625,121.72000122070312,100.65131378173828,3574600
2017-01-03,121.86000061035156,122.0,118.95999908447266,119.62000274658203,98.9148178100586,5123800
2017-01-04,119.0,119.73999786376953,118.18000030517578,119.4800033569336,98.79905700683594,3780800
2017-01-05,119.33999633789062,120.19999694824219,119.0999984741211,119.69999694824219,98.98097229003906,4261100
2017-01-06,118.93000030517578,121.5,118.5199966430664,120.76000213623047,99.85749053955078,4089200
2017-01-09,120.76000213623047,121.05999755859375,120.33000183105469,120.43000030517578,99.58460998535156,3021800
2017-01-10,120.45999908447266,120.8499984741211,119.7300033569336,120.25,99.43578338623047,3108400
2017-01-11,120.93000030517578,121.5,120.62000274658203,120.87999725341797,99.95672607421875,3565200
2017-01-12,120.30000305175781,122.30999755859375,120.19999694824219,122.0999984741211,100.96556091308594,3480700
2017-01-13,122.23999786376953,122.23999786376953,121.0999984741211,121.5,100.46941375732422,2877400
2017-01-17,120.75,122.80000305175781,120.69999694824219,122.75,101.50304412841797,4077600
2017-01-18,122.80999755859375,123.0,121.80000305175781,122.70999908447266,101.469970703125,3395000
2017-01-19,122.23999786376953,123.0,122.04000091552734,122.18000030517578,101.03170013427734,3155200
2017-01-20,122.26000213623047,122.94999694824219,122.0199966430664,122.26000213623047,101.09786224365234,4887100
2017-01-23,121.69000244140625,122.08000183105469,119.81999969482422,121.37999725341797,100.37016296386719,7022600
2017-01-24,121.97000122070312,122.05999755859375,120.5199966430664,121.05000305175781,100.09730529785156,3495200
2017-01-25,121.48999786376953,121.91999816894531,120.94999694824219,121.79000091552734,100.709228515625,3968300
2017-01-26,121.86000061035156,122.37999725341797,121.76000213623047,121.87999725341797,100.78362274169922,2497300
2017-01-27,122.2699966430664,122.98999786376953,121.4800033569336,122.86000061035156,101.593994140625,3592700
2017-01-30,122.80999755859375,123.20999908447266,122.30000305175781,123.0199966430664,101.7262954711914,3778000
2017-01-31,123.0199966430664,123.33999633789062,122.0999984741211,122.56999969482422,101.35417938232422,3733300
2017-02-01,121.9000015258789,122.5,121.69999694824219,122.41999816894531,101.23014068603516,3233400
2017-02-02,122.54000091552734,123.9800033569336,122.26000213623047,123.22000122070312,101.89167022705078,3236600
2017-02-03,123.30999755859375,124.51000213623047,123.27999877929688,124.23999786376953,102.7351303100586,3183000
2017-02-06,124.08999633789062,124.9000015258789,123.94999694824219,124.44999694824219,102.90880584716797,2760300
2017-02-07,124.94999694824219,125.41999816894531,124.58999633789062,124.58999633789062,103.0245590209961,2847200
2017-02-08,124.58000183105469,125.36000061035156,124.48999786376953,124.66999816894531,103.09071350097656,2835200
2017-02-09,124.66999816894531,125.0,124.36000061035156,124.4800033569336,102.93359375,2493600
2017-02-10,124.68000030517578,126.11000061035156,124.5199966430664,125.81999969482422,104.04165649414062,3681400
2017-02-13,126.0199966430664,126.68000030517578,125.48999786376953,125.54000091552734,103.81010437011719,2993800
2017-02-14,125.5,126.06999969482422,125.2699966430664,125.80999755859375,104.03338623046875,2663100
2017-02-15,125.66000366210938,126.79000091552734,125.44999694824219,126.4800033569336,104.58743286132812,2974900
2017-02-16,126.75,127.81999969482422,126.30999755859375,126.69999694824219,104.76932525634766,3006000
2017-02-17,126.77999877929688,127.87999725341797,126.68000030517578,127.80000305175781,105.6789321899414,3677400
2017-02-21,127.16000366210938,128.32000732421875,127.16000366210938,128.0399932861328,105.87738800048828,4495200
2017-02-22,127.5199966430664,128.11000061035156,126.4000015258789,127.8499984741211,105.72029113769531,3670700
2017-02-23,127.93000030517578,128.89999389648438,127.44000244140625,128.27000427246094,106.06757354736328,3178000
2017-02-24,128.36000061035156,128.74000549316406,127.75,128.64999389648438,106.38179779052734,3537200
2017-02-27,127.68000030517578,127.75,126.77999877929688,126.98999786376953,105.78204345703125,5184000
2017-02-28,127.08000183105469,127.93000030517578,126.58000183105469,127.6500015258789,106.33184051513672,4619300
2017-03-01,128.02000427246094,130.0,127.62000274658203,129.0500030517578,107.49800872802734,5471600
2017-03-02,129.0500030517578,129.80999755859375,128.14999389648438,128.22999572753906,106.8149642944336,6738100
2017-03-03,128.22999572753906,128.66000366210938,127.44000244140625,127.9000015258789,106.5400619506836,4067700
2017-03-06,127.9000015258789,128.33999633789062,127.4000015258789,128.02999877929688,106.64834594726562,3271500
2017-03-07,128.05999755859375,128.30999755859375,127.33999633789062,128.07000732421875,106.68167877197266,3332400
2017-03-08,128.07000732421875,128.36000061035156,127.47000122070312,128.08999633789062,106.6983413696289,3571700
2017-03-09,127.94999694824219,128.72000122070312,127.69000244140625,128.13999938964844,106.73997497558594,3265700
2017-03-10,128.55999755859375,128.58999633789062,127.72000122070312,127.9800033569336,106.60670471191406,3178900
2017-03-13,128.00999450683594,128.27000427246094,127.3499984741211,127.61000061035156,106.29851531982422,3130800
2017-03-14,127.6500015258789,128.22999572753906,127.5,127.80000305175781,106.45677947998047,2492700
2017-03-15,128.2100067138672,128.3000030517578,127.47000122070312,127.87999725341797,106.52342224121094,3529300
2017-03-16,128.3000030517578,128.89999389648438,127.93000030517578,127.9800033569336,106.60670471191406,3945700
2017-03-17,128.57000732421875,129.97999572753906,128.4199981689453,128.63999938964844,107.156494140625,12532700
2017-03-20,128.99000549316406,129.47999572753906,128.47000122070312,128.77999877929688,107.27310180664062,3415500
2017-03-21,129.22000122070312,129.75,128.17999267578125,128.52000427246094,107.05654907226562,4062400
2017-03-22,128.5800018310547,129.14999389648438,128.41000366210938,129.10000610351562,107.53966522216797,3174200
2017-03-23,129.13999938964844,129.58999633789062,128.80999755859375,129.0,107.45635223388672,2774500
2017-03-24,129.3800048828125,129.67999267578125,129.16000366210938,129.33999633789062,107.73955535888672,3568200
2017-03-27,129.0800018310547,129.82000732421875,129.02000427246094,129.49000549316406,107.86450958251953,2540400
2017-03-28,129.4600067138672,129.77000427246094,128.94000244140625,129.4499969482422,107.83120727539062,3487400
2017-03-29,129.0,129.6699981689453,128.6300048828125,128.83999633789062,107.3230972290039,3197800
2017-03-30,128.75,129.52999877929688,128.60000610351562,129.32000732421875,107.72293090820312,2018000
2017-03-31,129.38999938964844,130.19000244140625,129.3000030517578,129.61000061035156,107.9645004272461,3041700
2017-04-03,129.5,129.7100067138672,128.86000061035156,129.61000061035156,107.9645004272461,3287100
2017-04-04,129.13999938964844,129.52999877929688,128.64999389648438,129.2899932861328,107.69795227050781,3414000
2017-04-05,129.88999938964844,131.5800018310547,129.64999389648438,130.41000366210938,108.63089752197266,4052200
2017-04-06,130.30999755859375,130.66000366210938,129.9600067138672,130.14999389648438,108.414306640625,3856900
2017-04-07,130.02000427246094,130.39999389648438,129.6199951171875,129.9600067138672,108.25606536865234,2176600
2017-04-10,129.9499969482422,130.64999389648438,129.52000427246094,129.97999572753906,108.27271270751953,2709300
2017-04-11,130.6199951171875,131.24000549316406,129.8000030517578,131.1999969482422,109.28894805908203,3677600
2017-04-12,131.30999755859375,131.55999755859375,130.8699951171875,131.25999450683594,109.33893585205078,3195500
2017-04-13,131.0,131.13999938964844,130.57000732421875,130.75999450683594,108.92242431640625,2429200
2017-04-17,131.25,131.8699951171875,130.91000366210938,131.35000610351562,109.41390228271484,3236400
2017-04-18,132.00999450683594,132.8000030517578,131.8000030517578,132.3000030517578,110.20525360107422,3617400
2017-04-19,132.63999938964844,133.0,132.33999633789062,132.63999938964844,110.48847198486328,3132800
2017-04-20,132.64999389648438,133.44000244140625,132.63999938964844,133.27000427246094,111.01327514648438,2697300
2017-04-21,133.5500030517578,133.8800048828125,133.14999389648438,133.41000366210938,111.1298828125,3466100
2017-04-24,134.24000549316406,134.75999450683594,133.25999450683594,134.22999572753906,111.81291198730469,5041000
2017-04-25,138.13999938964844,141.99000549316406,137.17999267578125,141.6999969482422,118.03539276123047,10893800
2017-04-26,141.6999969482422,142.0,140.33999633789062,140.83999633789062,117.31903076171875,7132200
2017-04-27,141.8800048828125,142.7899932861328,140.85000610351562,140.8699951171875,117.34400177001953,5183700
2017-04-28,140.38999938964844,140.75999450683594,139.77999877929688,139.92999267578125,116.56098937988281,4779900
2017-05-01,139.86000061035156,141.4499969482422,139.83999633789062,141.14999389648438,117.5772705078125,3747200
2017-05-02,140.97999572753906,141.80999755859375,140.72000122070312,141.22999572753906,117.64387512207031,3774100
2017-05-03,142.1999969482422,142.6999969482422,141.39999389648438,142.6199951171875,118.8017578125,4278400
2017-05-04,142.6199951171875,143.6699981689453,142.25999450683594,143.4499969482422,119.4931411743164,4178800
2017-05-05,143.4199981689453,143.97999572753906,142.5800018310547,143.9600067138672,119.91798400878906,2452700
2017-05-08,143.92999267578125,144.5,143.66000366210938,144.24000549316406,120.15121459960938,2813000
2017-05-09,144.08999633789062,144.97999572753906,144.0,144.36000061035156,120.25115966796875,3053800
2017-05-10,143.86000061035156,144.63999938964844,143.72999572753906,144.52000427246094,120.38443756103516,2273300
2017-05-11,144.0800018310547,144.41000366210938,143.39999389648438,144.2100067138672,120.12623596191406,1941900
2017-05-12,144.5,145.5,144.4600067138672,145.36000061035156,121.08417510986328,2747900
2017-05-15,145.42999267578125,146.39999389648438,145.42999267578125,146.27999877929688,121.85053253173828,3332800
2017-05-16,146.5500030517578,147.6699981689453,146.27999877929688,147.2899932861328,122.69187927246094,3540900
2017-05-17,147.2899932861328,147.4600067138672,146.24000549316406,146.41000366210938,121.95880126953125,3875600
2017-05-18,146.41000366210938,147.24000549316406,145.80999755859375,147.00999450683594,122.45858764648438,2730900
2017-05-19,147.25,148.8300018310547,146.83999633789062,148.14999389648438,123.40819549560547,4071200
2017-05-22,148.3000030517578,148.8800048828125,147.92999267578125,148.19000244140625,123.44153594970703,3294500
2017-05-23,148.22000122070312,148.52999877929688,147.64999389648438,147.82000732421875,123.13334655761719,3262300
2017-05-24,147.94000244140625,149.99000549316406,147.0,149.5,124.53279113769531,3348900
2017-05-25,149.80999755859375,149.9499969482422,149.27000427246094,149.77999877929688,124.76598358154297,3408100
2017-05-26,149.8699951171875,150.24000549316406,149.25,149.86000061035156,124.83267974853516,3258200
2017-05-30,149.9499969482422,150.3300018310547,149.52000427246094,149.92999267578125,124.89093780517578,3113900
2017-05-31,150.1199951171875,151.14999389648438,149.60000610351562,150.88999938964844,125.69059753417969,6415700
2017-06-01,150.7899932861328,152.38999938964844,150.35000610351562,152.38999938964844,127.73590087890625,4349800
2017-06-02,152.52000427246094,153.89999389648438,152.14999389648438,153.74000549316406,128.8674774169922,4316700
2017-06-05,153.6300048828125,153.66000366210938,152.75999450683594,152.7899932861328,128.07115173339844,2633700
2017-06-06,152.3699951171875,152.58999633789062,151.2100067138672,151.22999572753906,126.7635269165039,3661900
2017-06-07,151.22999572753906,152.00999450683594,150.72999572753906,151.94000244140625,127.35868072509766,2922900
2017-06-08,151.94000244140625,152.14999389648438,151.00999450683594,151.42999267578125,126.9311752319336,3709900
2017-06-09,151.8800048828125,152.0,150.89999389648438,151.47999572753906,126.97310638427734,4143100
2017-06-12,151.47999572753906,151.47999572753906,148.0399932861328,148.47000122070312,124.45004272460938,5902600
2017-06-13,148.86000061035156,150.25,148.6199951171875,149.82000732421875,125.58165740966797,4267700
2017-06-14,150.32000732421875,151.0800018310547,149.91000366210938,150.67999267578125,126.30254364013672,2675500
2017-06-15,149.89999389648438,151.52000427246094,149.64999389648438,151.1699981689453,126.71324920654297,2517500
2017-06-16,150.97999572753906,152.88999938964844,150.9199981689453,151.99000549316406,127.40061950683594,5443900
2017-06-19,152.38999938964844,153.17999267578125,151.83999633789062,153.13999938964844,128.3645477294922,3263800
2017-06-20,154.27000427246094,155.27999877929688,153.83999633789062,154.07000732421875,129.1441192626953,3614400
2017-06-21,154.17999267578125,154.4199981689453,153.61000061035156,153.72999572753906,128.85910034179688,2448500
2017-06-22,153.77999877929688,154.91000366210938,153.67999267578125,154.8000030517578,129.75601196289062,2003800
2017-06-23,155.0,155.4499969482422,154.42999267578125,154.63999938964844,129.62188720703125,2214700
2017-06-26,155.17999267578125,155.4600067138672,153.52000427246094,153.9600067138672,129.0518798828125,2360900
2017-06-27,154.0,154.82000732421875,153.4600067138672,153.72000122070312,128.85069274902344,2139000
2017-06-28,154.0399932861328,154.67999267578125,153.74000549316406,154.3000030517578,129.33689880371094,1302800
2017-06-29,154.5800018310547,154.5800018310547,152.14999389648438,153.1300048828125,128.35614013671875,1975900
2017-06-30,153.3000030517578,153.77000427246094,152.72000122070312,153.16000366210938,128.38128662109375,2508200
2017-07-03,153.44000244140625,153.8699951171875,152.47999572753906,152.5,127.82808685302734,1100700
2017-07-05,152.82000732421875,153.57000732421875,151.99000549316406,153.07000732421875,128.30587768554688,2497300
2017-07-06,152.6999969482422,153.4600067138672,152.3300018310547,153.08999633789062,128.32264709472656,2019800
2017-07-07,153.3699951171875,156.55999755859375,153.14999389648438,156.27000427246094,130.98814392089844,4117800
2017-07-10,156.27999877929688,156.52999877929688,155.16000366210938,155.52000427246094,130.35951232910156,2402200
2017-07-11,155.08999633789062,155.8800048828125,154.00999450683594,154.91000366210938,129.84820556640625,2008800
2017-07-12,155.41000366210938,156.75,155.27000427246094,156.5800018310547,131.24798583984375,2094900
2017-07-13,156.49000549316406,156.5399932861328,154.33999633789062,155.0399932861328,129.9571533203125,3169700
2017-07-14,154.99000549316406,155.5,154.72999572753906,155.27999877929688,130.1583709716797,2440200
2017-07-17,155.42999267578125,155.44000244140625,154.6999969482422,155.25999450683594,130.14151000976562,2408700
2017-07-18,155.0,155.27000427246094,153.3699951171875,153.9600067138672,129.0518798828125,3890300
2017-07-19,154.1300048828125,154.4600067138672,153.47999572753906,153.88999938964844,128.9932098388672,3072200
2017-07-20,154.02999877929688,155.22000122070312,153.5500030517578,154.2100067138672,129.2614288330078,2240200
2017-07-21,154.05999755859375,154.6999969482422,153.2899932861328,153.9199981689453,129.0183868408203,3522400
2017-07-24,154.0,154.22000122070312,151.77000427246094,151.85000610351562,127.28323364257812,5307400
2017-07-25,157.75,159.97999572753906,156.5399932861328,159.07000732421875,133.33517456054688,9511400
2017-07-26,158.75999450683594,159.0,155.67999267578125,156.50999450683594,131.1893768310547,4679000
2017-07-27,156.4199981689453,157.42999267578125,155.5399932861328,156.9499969482422,131.55813598632812,4624100
2017-07-28,156.36000061035156,156.66000366210938,155.07000732421875,155.85000610351562,130.63609313964844,3964500
2017-07-31,155.9199981689453,156.4199981689453,154.85000610351562,155.13999938964844,130.04095458984375,4272400
2017-08-01,154.97999572753906,155.89999389648438,153.7100067138672,154.0399932861328,129.118896484375,4185100
2017-08-02,153.75999450683594,156.64999389648438,153.7100067138672,156.58999633789062,131.25634765625,3326000
2017-08-03,156.55999755859375,156.77000427246094,154.41000366210938,154.72000122070312,129.68898010253906,3666100
2017-08-04,154.61000061035156,154.82000732421875,153.22999572753906,153.82000732421875,128.93453979492188,4435400
2017-08-07,154.13999938964844,155.38999938964844,154.0,154.97000122070312,129.8984832763672,3252100
2017-08-08,154.6699981689453,155.25,154.10000610351562,154.9199981689453,129.85658264160156,4234300
2017-08-09,155.3000030517578,155.67999267578125,154.35000610351562,154.9199981689453,129.85658264160156,3006500
2017-08-10,154.3300018310547,157.1999969482422,154.25,156.6199951171875,131.28155517578125,3874500
2017-08-11,156.8800048828125,158.39999389648438,156.6300048828125,157.3000030517578,131.85153198242188,2925000
2017-08-14,157.4499969482422,157.89999389648438,156.4600067138672,157.25999450683594,131.8179931640625,2809100
2017-08-15,157.83999633789062,158.5800018310547,157.33999633789062,157.6199951171875,132.1197052001953,2160100
2017-08-16,157.88999938964844,159.3800048828125,157.60000610351562,158.89999389648438,133.1927032470703,2921800
2017-08-17,158.75,159.52999877929688,157.80999755859375,157.88999938964844,132.34608459472656,3071600
2017-08-18,157.99000549316406,158.27999877929688,157.02000427246094,157.75999450683594,132.23707580566406,2595700
2017-08-21,158.1699981689453,158.63999938964844,157.5399932861328,158.36000061035156,132.7400360107422,2195100
2017-08-22,158.5,159.94000244140625,158.38999938964844,159.63999938964844,133.81295776367188,2122600
2017-08-23,159.3000030517578,159.3699951171875,158.3800048828125,158.80999755859375,133.1172332763672,2190700
2017-08-24,159.11000061035156,159.67999267578125,158.3300018310547,158.41000366210938,132.781982421875,1634800
2017-08-25,158.88999938964844,159.33999633789062,158.52999877929688,158.82000732421875,133.1256103515625,2019600
2017-08-28,159.0399932861328,159.9600067138672,158.66000366210938,159.6699981689453,133.8380889892578,2027300
2017-08-29,159.1999969482422,159.75999450683594,158.72999572753906,159.3800048828125,133.59500122070312,3283400
2017-08-30,158.39999389648438,159.63999938964844,158.32000732421875,159.52999877929688,134.51409912109375,2236500
2017-08-31,159.77000427246094,160.0,159.35000610351562,159.97000122070312,134.88511657714844,2717000
2017-09-01,159.8699951171875,160.1999969482422,159.5,159.80999755859375,134.75018310546875,1878300
2017-09-05,159.0,159.77999877929688,158.07000732421875,159.10000610351562,134.1515655517578,4000500
2017-09-06,159.22999572753906,159.3699951171875,158.22000122070312,158.22000122070312,133.4095001220703,4143300
2017-09-07,158.47000122070312,160.07000732421875,158.3300018310547,159.89999389648438,134.82606506347656,2965400
2017-09-08,159.52999877929688,160.3800048828125,159.17999267578125,159.7100067138672,134.6658477783203,2984200
2017-09-11,160.0,161.72000122070312,159.9199981689453,161.52999877929688,136.2005157470703,2333600
2017-09-12,160.2100067138672,160.72000122070312,155.77000427246094,156.3300018310547,131.81582641601562,10324100
2017-09-13,156.74000549316406,157.77999877929688,156.0,157.0,132.38084411621094,4705600
2017-09-14,157.0,157.35000610351562,156.0500030517578,157.0,132.38084411621094,3109700
2017-09-15,157.7899932861328,158.0,156.8800048828125,156.9199981689453,132.3134002685547,7425100
2017-09-18,157.72000122070312,157.7899932861328,156.35000610351562,156.67999267578125,132.11105346679688,3831900
2017-09-19,157.27000427246094,157.89999389648438,156.3300018310547,157.42999267578125,132.74337768554688,3554600
2017-09-20,157.89999389648438,159.88999938964844,157.75999450683594,159.8800048828125,134.8092041015625,3641100
2017-09-21,159.8699951171875,160.08999633789062,158.50999450683594,159.02999877929688,134.09251403808594,2503400
2017-09-22,158.8800048828125,159.74000549316406,158.55999755859375,158.91000366210938,133.99131774902344,2442700
2017-09-25,158.47000122070312,158.69000244140625,156.10000610351562,156.25999450683594,131.7568817138672,3661500
2017-09-26,156.25,156.83999633789062,153.27000427246094,153.35000610351562,129.3031768798828,6420000
2017-09-27,153.50999450683594,154.69000244140625,153.44000244140625,154.0500030517578,129.89341735839844,3915900
2017-09-28,156.16000366210938,158.30999755859375,155.47999572753906,157.49000549316406,132.7939910888672,4210200
2017-09-29,157.50999450683594,158.0399932861328,156.1199951171875,156.67999267578125,132.11105346679688,3670100
2017-10-02,156.0,157.17999267578125,155.8000030517578,156.9600067138672,132.3470916748047,2407000
2017-10-03,156.75,157.4600067138672,156.36000061035156,156.86000061035156,132.2627716064453,2188400
2017-10-04,156.8300018310547,157.4199981689453,156.64999389648438,157.2100067138672,132.55787658691406,1823100
2017-10-05,157.3000030517578,158.9199981689453,157.3000030517578,158.8000030517578,133.89854431152344,2796000
2017-10-06,158.5800018310547,160.1300048828125,158.5800018310547,159.60000610351562,134.57315063476562,3548500
2017-10-09,159.61000061035156,160.49000549316406,159.5,160.1199951171875,135.01156616210938,2120000
2017-10-10,159.69000244140625,161.5800018310547,159.58999633789062,160.5800018310547,135.3994140625,2909600
2017-10-11,160.89999389648438,163.24000549316406,160.5800018310547,163.14999389648438,137.56639099121094,3572500
2017-10-12,162.99000549316406,164.39999389648438,162.77000427246094,163.91000366210938,138.20724487304688,3023600
2017-10-13,164.4499969482422,165.50999450683594,164.0800018310547,165.3699951171875,139.43832397460938,2957400
2017-10-16,165.44000244140625,165.74000549316406,164.44000244140625,165.00999450683594,139.13478088378906,2132300
2017-10-17,164.9199981689453,166.02000427246094,164.75,165.39999389648438,139.46360778808594,2379700
2017-10-18,165.2899932861328,166.25,163.88999938964844,165.77000427246094,139.77560424804688,2798300
2017-10-19,165.82000732421875,166.9499969482422,164.9199981689453,166.5,140.39114379882812,2478100
2017-10-20,167.22999572753906,167.89999389648438,165.5,166.3000030517578,140.2225341796875,5577700
2017-10-23,166.10000610351562,166.10000610351562,163.08999633789062,163.33999633789062,137.72662353515625,6214800
2017-10-24,165.25999450683594,166.49000549316406,163.58999633789062,163.8800048828125,138.1819305419922,7855200
2017-10-25,163.41000366210938,165.1199951171875,163.0,163.5800018310547,137.9290008544922,3716200
2017-10-26,164.13999938964844,164.64999389648438,163.75,164.00999450683594,138.29153442382812,2934400
2017-10-27,164.08999633789062,165.85000610351562,163.77000427246094,165.38999938964844,139.4552001953125,2298100
2017-10-30,165.0,166.55999755859375,164.6699981689453,166.22999572753906,140.16343688964844,2051000
2017-10-31,166.25,167.41000366210938,166.1300048828125,166.91000366210938,140.73684692382812,2873000
2017-11-01,165.72000122070312,167.99000549316406,165.57000732421875,166.3699951171875,140.281494140625,2186100
2017-11-02,166.99000549316406,168.47000122070312,166.5,168.10000610351562,141.740234375,2291000
2017-11-03,168.0,169.4499969482422,167.60000610351562,168.64999389648438,142.20401000976562,1959500
2017-11-06,168.89999389648438,170.4199981689453,168.60000610351562,170.07000732421875,143.4012908935547,3087700
2017-11-07,170.10000610351562,170.82000732421875,169.52000427246094,170.77000427246094,143.99159240722656,2506000
2017-11-08,170.1699981689453,170.9199981689453,169.4499969482422,170.10000610351562,143.42662048339844,2605000
2017-11-09,168.72000122070312,169.1999969482422,166.10000610351562,167.0,140.81272888183594,4219000
2017-11-10,166.39999389648438,166.8000030517578,163.52000427246094,165.58999633789062,139.62376403808594,4226800
2017-11-13,165.47000122070312,167.9499969482422,165.0800018310547,167.3699951171875,141.1247100830078,2605600
2017-11-14,166.83999633789062,168.4199981689453,166.57000732421875,168.11000061035156,141.7486114501953,2180900
2017-11-15,167.69000244140625,168.69000244140625,167.14999389648438,167.32000732421875,141.08255004882812,2019300
2017-11-16,167.67999267578125,168.88999938964844,167.52999877929688,168.08999633789062,141.73178100585938,2293400
2017-11-17,167.5399932861328,167.6999969482422,166.16000366210938,166.72000122070312,140.57662963867188,2221400
2017-11-20,167.3300018310547,167.85000610351562,166.75999450683594,166.92999267578125,140.75372314453125,2442300
2017-11-21,167.5500030517578,169.25999450683594,167.50999450683594,168.3000030517578,141.90887451171875,2653100
2017-11-22,169.27000427246094,170.35000610351562,168.6699981689453,169.0500030517578,142.54127502441406,2719200
2017-11-24,168.8800048828125,169.55999755859375,168.82000732421875,169.11000061035156,142.59185791015625,963200
2017-11-27,168.89999389648438,169.17999267578125,168.08999633789062,168.9600067138672,142.4653778076172,2082400
2017-11-28,169.22999572753906,171.3800048828125,169.0399932861328,171.33999633789062,144.47216796875,2909900
2017-11-29,171.6999969482422,172.02000427246094,169.0500030517578,170.42999267578125,143.70489501953125,4590300
2017-11-30,170.24000549316406,173.1699981689453,169.33999633789062,171.97000122070312,145.8678436279297,6023700
2017-12-01,172.77000427246094,173.14999389648438,170.38999938964844,172.8699951171875,146.6312255859375,4279200
2017-12-04,173.27000427246094,173.47999572753906,170.42999267578125,170.64999389648438,144.74815368652344,3943100
2017-12-05,173.63999938964844,174.25,172.4600067138672,172.99000549316406,146.73300170898438,3228700
2017-12-06,173.47999572753906,174.44000244140625,173.0,173.47999572753906,147.1486358642578,2618700
2017-12-07,172.5500030517578,173.2899932861328,171.9199981689453,172.91000366210938,146.66514587402344,2284800
2017-12-08,173.0399932861328,173.5399932861328,172.50999450683594,173.14999389648438,146.8686981201172,2241100
2017-12-11,172.94000244140625,173.25,172.22000122070312,173.25,146.9535369873047,2340800
2017-12-12,173.0,173.1999969482422,171.85000610351562,172.22999572753906,146.0883331298828,2805900
2017-12-13,172.44000244140625,173.9600067138672,172.39999389648438,173.5500030517578,147.2080078125,2554000
2017-12-14,173.66000366210938,174.0800018310547,172.8300018310547,173.13999938964844,146.86024475097656,2666900
2017-12-15,174.3000030517578,175.08999633789062,173.67999267578125,174.05999755859375,147.64059448242188,7435200
2017-12-18,174.8699951171875,175.77999877929688,174.11000061035156,174.1999969482422,147.75929260253906,2426300
2017-12-19,174.38999938964844,174.89999389648438,173.0800018310547,173.38999938964844,147.07232666015625,3122500
2017-12-20,173.8300018310547,173.8800048828125,171.7100067138672,172.1699981689453,146.03746032714844,2749400
2017-12-21,172.60000610351562,172.75,171.6699981689453,171.85000610351562,145.7660675048828,2343300
2017-12-22,171.82000732421875,172.0399932861328,170.5500030517578,171.4199981689453,145.40130615234375,3234100
2017-12-26,171.08999633789062,171.63999938964844,170.82000732421875,171.2899932861328,145.29103088378906,1280200
2017-12-27,171.3300018310547,172.74000549316406,170.85000610351562,172.6699981689453,146.4615478515625,1596800
2017-12-28,173.25999450683594,173.5500030517578,172.6199951171875,173.10000610351562,146.82627868652344,1800100
2017-12-29,172.97999572753906,172.97999572753906,171.9199981689453,172.1199951171875,145.99502563476562,2201800
2018-01-02,173.72999572753906,174.47999572753906,172.66000366210938,173.22000122070312,146.92811584472656,3696900
2018-01-03,173.22999572753906,173.63999938964844,172.0,172.49000549316406,146.30889892578125,3789600
2018-01-04,173.24000549316406,174.1300048828125,172.72999572753906,173.6999969482422,147.33522033691406,2756400
2018-01-05,174.0,175.0,173.39999389648438,174.0500030517578,147.63211059570312,3737700
2018-01-08,173.74000549316406,174.2100067138672,172.92999267578125,173.92999267578125,147.5303192138672,2060800
2018-01-09,174.22999572753906,174.22999572753906,173.00999450683594,173.5399932861328,147.19955444335938,2674300
2018-01-10,173.5,174.0,172.47000122070312,173.50999450683594,147.17405700683594,2172500
2018-01-11,173.55999755859375,174.5500030517578,172.10000610351562,173.38999938964844,147.07232666015625,3078000
2018-01-12,173.36000061035156,173.7899932861328,172.8800048828125,173.57000732421875,147.22496032714844,2901600
2018-01-16,173.6199951171875,174.41000366210938,172.8800048828125,173.67999267578125,147.31829833984375,3662600
2018-01-17,174.35000610351562,175.69000244140625,173.8800048828125,174.97999572753906,148.42092895507812,4129600
2018-01-18,175.19000244140625,175.4499969482422,173.89999389648438,174.57000732421875,148.07321166992188,2154800
2018-01-19,174.99000549316406,176.63999938964844,174.3800048828125,176.1199951171875,149.38790893554688,3746300
2018-01-22,175.97000122070312,176.8300018310547,175.61000061035156,176.2100067138672,149.46426391601562,3217900
2018-01-23,175.57000732421875,177.75,174.85000610351562,176.80999755859375,149.9731903076172,3197600
2018-01-24,177.3000030517578,177.3000030517578,175.25,176.1199951171875,149.38790893554688,2810800
2018-01-25,176.39999389648438,176.6199951171875,174.66000366210938,175.66000366210938,148.99774169921875,2815800
2018-01-26,175.6699981689453,178.39999389648438,175.00999450683594,178.36000061035156,151.28790283203125,3957700
2018-01-29,178.3000030517578,178.6999969482422,177.24000549316406,177.77000427246094,150.7874755859375,6091900
2018-01-30,177.10000610351562,177.6699981689453,170.85000610351562,172.47999572753906,146.30043029785156,9613000
2018-01-31,173.60000610351562,174.3000030517578,170.27000427246094,171.13999938964844,145.163818359375,7004200
2018-02-01,170.27000427246094,173.5399932861328,168.88999938964844,171.89999389648438,145.8084259033203,4751300
2018-02-02,170.8000030517578,172.72999572753906,168.99000549316406,169.3800048828125,143.67091369628906,4604500
2018-02-05,168.61000061035156,169.4600067138672,153.86000061035156,163.85000610351562,138.98033142089844,7309300
2018-02-06,158.35000610351562,166.0500030517578,158.25,165.17999267578125,140.10845947265625,7020000
2018-02-07,164.86000061035156,168.25999450683594,164.52000427246094,165.7100067138672,140.55801391601562,4974000
2018-02-08,165.69000244140625,165.72999572753906,158.75999450683594,158.97000122070312,134.8410186767578,5656000
2018-02-09,159.97999572753906,161.97999572753906,155.22999572753906,160.8000030517578,136.3932342529297,7187100
2018-02-12,162.3699951171875,165.88999938964844,161.5,163.89999389648438,139.022705078125,5255900
2018-02-13,163.0,163.8300018310547,161.72000122070312,162.39999389648438,137.7503662109375,5406000
2018-02-14,161.44000244140625,162.02000427246094,159.67999267578125,159.99000549316406,135.70620727539062,5865600
2018-02-15,161.13999938964844,161.52000427246094,158.80999755859375,160.77999877929688,136.37625122070312,5012100
2018-02-16,159.47000122070312,159.89999389648438,157.75999450683594,157.7899932861328,133.840087890625,7165800
2018-02-20,157.0,159.16000366210938,156.27999877929688,157.16000366210938,133.3057403564453,5211100
2018-02-21,157.75999450683594,161.32000732421875,157.60000610351562,158.63999938964844,134.56109619140625,7833400
2018-02-22,158.9499969482422,161.39999389648438,158.89999389648438,160.66000366210938,136.27447509765625,4398200
2018-02-23,161.44000244140625,163.30999755859375,161.44000244140625,163.05999755859375,138.31021118164062,4272400
2018-02-26,164.0,164.75,162.3000030517578,163.5800018310547,138.75128173828125,4525200
2018-02-27,164.19000244140625,164.5,160.63999938964844,160.66000366210938,136.27447509765625,4907500
2018-02-28,160.42999267578125,161.2100067138672,157.72000122070312,157.74000549316406,134.64418029785156,6116800
2018-03-01,157.8000030517578,160.42999267578125,155.2100067138672,155.6999969482422,132.90284729003906,5609000
2018-03-02,148.91000366210938,150.4499969482422,146.83999633789062,148.27000427246094,126.56072235107422,11754300
2018-03-05,148.27999877929688,151.47999572753906,147.9199981689453,151.02999877929688,128.91664123535156,6397800
2018-03-06,151.25,151.7100067138672,150.1300048828125,151.1999969482422,129.06173706054688,5015400
2018-03-07,149.86000061035156,152.74000549316406,149.67999267578125,152.3800048828125,130.06895446777344,4492000
2018-03-08,152.72999572753906,154.61000061035156,152.64999389648438,154.44000244140625,131.82733154296875,4291400
2018-03-09,155.6199951171875,157.72999572753906,154.83999633789062,157.24000549316406,134.21737670898438,5076500
2018-03-12,157.74000549316406,159.4499969482422,157.50999450683594,157.74000549316406,134.64418029785156,4461500
2018-03-13,158.55999755859375,159.88999938964844,158.2100067138672,158.22000122070312,135.05384826660156,4333100
2018-03-14,159.0,159.50999450683594,157.24000549316406,158.24000549316406,135.0709228515625,3879000
2018-03-15,158.7100067138672,162.14999389648438,158.58999633789062,161.61000061035156,137.947509765625,5925700
2018-03-16,161.8800048828125,163.22999572753906,161.5800018310547,162.36000061035156,138.5877227783203,14293800
2018-03-19,162.0,162.36000061035156,158.2100067138672,159.00999450683594,135.7281951904297,4307600
2018-03-20,159.75,160.6699981689453,159.25,159.3800048828125,136.0440216064453,3105100
2018-03-21,160.0,160.41000366210938,158.2899932861328,158.66000366210938,135.42945861816406,3871900
2018-03-22,157.85000610351562,159.1199951171875,156.85000610351562,157.0399932861328,134.04664611816406,3669400
2018-03-23,157.58999633789062,157.77999877929688,154.9199981689453,154.97999572753906,132.28826904296875,3447400
2018-03-26,156.2100067138672,158.1999969482422,156.2100067138672,158.00999450683594,134.87460327148438,3477000
2018-03-27,158.5,159.77000427246094,156.47000122070312,157.47999572753906,134.4222412109375,3519100
2018-03-28,157.83999633789062,159.75999450683594,157.82000732421875,158.41000366210938,135.216064453125,3913200
2018-03-29,159.0,159.8300018310547,156.3800048828125,156.3800048828125,133.48324584960938,5289500
2018-04-02,158.27000427246094,160.16000366210938,155.25,157.72000122070312,134.62705993652344,6960100
2018-04-03,157.97999572753906,160.52999877929688,157.3000030517578,160.39999389648438,136.91465759277344,4719400
2018-04-04,158.5,162.14999389648438,157.8800048828125,161.72999572753906,138.04998779296875,4888000
2018-04-05,162.39999389648438,164.55999755859375,161.75,163.9499969482422,139.94491577148438,4503900
2018-04-06,162.4199981689453,163.77999877929688,160.91000366210938,161.25,137.64022827148438,4321900
2018-04-09,162.22000122070312,163.57000732421875,161.05999755859375,161.22999572753906,137.62315368652344,3581500
2018-04-10,162.8300018310547,163.9600067138672,162.0500030517578,162.77000427246094,138.93765258789062,3902600
2018-04-11,162.5,164.05999755859375,162.27999877929688,163.33999633789062,139.4241943359375,2711100
2018-04-12,163.58999633789062,165.39999389648438,161.5399932861328,161.6199951171875,137.95603942871094,5178900
2018-04-13,162.16000366210938,163.16000366210938,161.25999450683594,161.72999572753906,138.04998779296875,2452800
2018-04-16,161.3000030517578,162.44000244140625,160.86000061035156,161.6300048828125,137.96458435058594,3115200
2018-04-17,162.38999938964844,163.47999572753906,162.05999755859375,162.5500030517578,138.74986267089844,2861900
2018-04-18,162.58999633789062,163.30999755859375,161.74000549316406,161.80999755859375,138.1182098388672,2503100
2018-04-19,161.61000061035156,162.10000610351562,158.77999877929688,159.52999877929688,136.1720428466797,3276600
2018-04-20,159.3300018310547,160.72999572753906,158.50999450683594,158.77000427246094,135.52334594726562,3961200
2018-04-23,158.97000122070312,159.69000244140625,158.14999389648438,158.99000549316406,135.7111358642578,3051900
2018-04-24,159.75,159.8300018310547,156.75999450683594,157.32000732421875,134.28565979003906,2904400
2018-04-25,157.08999633789062,157.33999633789062,155.00999450683594,155.94000244140625,133.10768127441406,3710200
2018-04-26,156.4600067138672,159.4600067138672,155.64999389648438,158.89999389648438,135.63424682617188,3680600
2018-04-27,159.47999572753906,159.85000610351562,158.2100067138672,158.3000030517578,135.1221466064453,4141500
2018-04-30,164.69000244140625,167.9499969482422,163.75,167.44000244140625,142.92391967773438,12954700
2018-05-01,166.3800048828125,166.5,162.10000610351562,163.44000244140625,139.50958251953125,6560100
2018-05-02,162.14999389648438,163.1999969482422,160.44000244140625,160.67999267578125,137.15367126464844,4318400
2018-05-03,160.60000610351562,160.83999633789062,159.0800018310547,160.0800018310547,136.6415252685547,3450100
2018-05-04,159.9499969482422,165.4499969482422,159.89999389648438,165.02999877929688,140.86676025390625,4283600
2018-05-07,166.77000427246094,167.3000030517578,164.64999389648438,165.0,140.8411407470703,3379000
2018-05-08,164.44000244140625,165.58999633789062,163.75,164.77000427246094,140.6448516845703,2808100
2018-05-09,165.0,165.2100067138672,163.0500030517578,164.24000549316406,140.19244384765625,2762500
2018-05-10,164.4499969482422,165.63999938964844,164.30999755859375,165.07000732421875,140.9009246826172,1675100
2018-05-11,165.0,165.97999572753906,164.85000610351562,165.38999938964844,141.17404174804688,2258500
2018-05-14,165.64999389648438,165.97999572753906,164.32000732421875,164.72000122070312,140.6021270751953,2537300
2018-05-15,164.27000427246094,164.64999389648438,162.3300018310547,163.05999755859375,139.18524169921875,3471300
2018-05-16,163.24000549316406,163.94000244140625,161.74000549316406,162.8699951171875,139.0230255126953,2522000
2018-05-17,162.6300048828125,163.22999572753906,160.72999572753906,161.30999755859375,137.69140625,2975500
2018-05-18,161.67999267578125,162.83999633789062,160.5500030517578,160.97999572753906,137.4097442626953,2318000
2018-05-21,161.77999877929688,161.97000122070312,160.61000061035156,161.47999572753906,137.83651733398438,2424000
2018-05-22,162.05999755859375,162.08999633789062,159.16000366210938,159.4499969482422,136.103759765625,3224000
2018-05-23,159.6999969482422,161.64999389648438,159.16000366210938,161.6199951171875,137.95603942871094,3835100
2018-05-24,161.11000061035156,162.60000610351562,160.44000244140625,162.38999938964844,138.61329650878906,3378000
2018-05-25,162.44000244140625,163.9499969482422,162.10000610351562,163.2100067138672,139.31329345703125,2582100
2018-05-29,162.42999267578125,162.72000122070312,160.2100067138672,160.6199951171875,137.10244750976562,3197100
2018-05-30,161.41000366210938,162.10000610351562,160.82000732421875,161.82000732421875,138.1267852783203,2396500
2018-05-31,161.17999267578125,161.6300048828125,159.94000244140625,160.00999450683594,136.5817413330078,4881100
2018-06-01,159.89999389648438,160.0500030517578,159.02000427246094,159.16000366210938,136.71922302246094,3203800
2018-06-04,160.0800018310547,160.49000549316406,159.5399932861328,160.22000122070312,137.62977600097656,3174600
2018-06-05,159.97000122070312,160.99000549316406,158.97999572753906,159.47999572753906,136.99412536621094,2952300
2018-06-06,159.7899932861328,162.38999938964844,159.3300018310547,162.3800048828125,139.4851837158203,3586200
2018-06-07,163.75,170.0,163.69000244140625,169.47999572753906,145.5841522216797,8342500
2018-06-08,169.02000427246094,171.55999755859375,168.4600067138672,168.91000366210938,145.09451293945312,5056600
2018-06-11,169.0399932861328,169.0399932861328,166.25999450683594,166.49000549316406,143.01571655273438,3246500
2018-06-12,166.82000732421875,167.24000549316406,166.22999572753906,166.72999572753906,143.22189331054688,2985300
2018-06-13,166.99000549316406,167.61000061035156,166.5500030517578,166.5800018310547,143.0930633544922,3140500
2018-06-14,167.0399932861328,167.94000244140625,166.67999267578125,167.0500030517578,143.4967803955078,2390000
2018-06-15,166.10000610351562,166.60000610351562,164.58999633789062,166.4600067138672,142.98995971679688,7384400
2018-06-18,165.52999877929688,166.5800018310547,163.80999755859375,166.27999877929688,142.83535766601562,4297700
2018-06-19,164.6199951171875,165.50999450683594,164.24000549316406,164.97000122070312,141.7100830078125,3350400
2018-06-20,164.91000366210938,165.52999877929688,162.3699951171875,162.55999755859375,139.6398468017578,3649500
2018-06-21,163.2899932861328,163.60000610351562,159.5399932861328,160.52999877929688,137.8960418701172,4655800
2018-06-22,161.27000427246094,165.13999938964844,161.25999450683594,164.5500030517578,141.3493194580078,8703600
2018-06-25,163.0,163.0,158.9499969482422,159.80999755859375,137.2775421142578,6126800
2018-06-26,160.00999450683594,161.85000610351562,159.8000030517578,160.91000366210938,138.2224884033203,3375100
2018-06-27,159.0500030517578,160.49000549316406,157.3800048828125,157.4199981689453,135.22454833984375,4962100
2018-06-28,157.25,157.3300018310547,155.10000610351562,156.32000732421875,134.27964782714844,4136500
2018-06-29,156.75999450683594,157.9499969482422,156.07000732421875,156.69000244140625,134.59744262695312,4024500
2018-07-02,155.99000549316406,156.8699951171875,155.4499969482422,156.8699951171875,134.7520751953125,3024000
2018-07-03,157.36000061035156,157.82000732421875,156.30999755859375,156.47999572753906,134.4171142578125,1437700
2018-07-05,156.89999389648438,157.6699981689453,156.5,157.32000732421875,135.13865661621094,2248300
2018-07-06,157.77000427246094,160.57000732421875,157.4499969482422,159.4199981689453,136.94256591796875,3298800
2018-07-09,160.47000122070312,160.8000030517578,159.3699951171875,159.94000244140625,137.3892364501953,2477300
2018-07-10,159.8300018310547,160.97999572753906,159.4600067138672,160.6199951171875,137.97335815429688,2187500
2018-07-11,158.88999938964844,159.7100067138672,157.6999969482422,158.6199951171875,136.2553253173828,3203800
2018-07-12,159.14999389648438,159.77999877929688,158.82000732421875,159.1199951171875,136.68484497070312,2360800
2018-07-13,157.39999389648438,158.75999450683594,155.27999877929688,158.50999450683594,136.16085815429688,5186500
2018-07-16,158.6199951171875,159.27999877929688,157.9600067138672,158.77999877929688,136.39279174804688,2818200
2018-07-17,158.55999755859375,160.0,158.55999755859375,159.75,137.2259979248047,1877500
2018-07-18,159.85000610351562,159.8699951171875,157.80999755859375,157.92999267578125,135.66265869140625,3824000
2018-07-19,157.58999633789062,158.63999938964844,157.11000061035156,157.41000366210938,135.21595764160156,4869700
2018-07-20,157.1999969482422,158.35000610351562,156.27999877929688,157.97000122070312,135.69699096679688,2695500
2018-07-23,157.8000030517578,158.8300018310547,157.0399932861328,158.75,136.36705017089844,2754300
2018-07-24,159.24000549316406,159.5800018310547,157.52000427246094,157.94000244140625,135.67124938964844,3388400
2018-07-25,157.69000244140625,158.99000549316406,157.41000366210938,158.88999938964844,136.4873046875,4193400
2018-07-26,158.22999572753906,158.88999938964844,154.7100067138672,156.13999938964844,134.12501525878906,7409800
2018-07-27,156.5800018310547,158.00999450683594,156.39999389648438,157.47999572753906,135.27606201171875,4234100
2018-07-30,157.38999938964844,160.02000427246094,157.08999633789062,158.63999938964844,136.2725372314453,3274800
2018-07-31,158.6999969482422,159.0,157.22999572753906,157.5399932861328,135.32760620117188,3530000
2018-08-01,156.57000732421875,157.22000122070312,155.66000366210938,156.9199981689453,134.79502868652344,4252800
2018-08-02,156.64999389648438,156.92999267578125,153.1300048828125,155.41000366210938,133.49795532226562,6245900
2018-08-03,155.6999969482422,156.97000122070312,154.2899932861328,156.2100067138672,134.18516540527344,3673100
2018-08-06,156.02999877929688,157.41000366210938,155.4600067138672,156.72000122070312,134.6232452392578,2375200
2018-08-07,156.91000366210938,157.1999969482422,155.83999633789062,156.0399932861328,134.03912353515625,1929300
2018-08-08,156.49000549316406,158.92999267578125,156.1699981689453,158.9199981689453,136.51304626464844,2988000
2018-08-09,158.83999633789062,159.6199951171875,157.9600067138672,159.3000030517578,136.8394775390625,2764500
2018-08-10,158.33999633789062,159.50999450683594,157.8699951171875,158.67999267578125,136.3069305419922,3343200
2018-08-13,158.47999572753906,158.99000549316406,157.25,158.13999938964844,135.84304809570312,2879600
2018-08-14,158.35000610351562,161.42999267578125,158.19000244140625,160.60000610351562,137.95620727539062,3111600
2018-08-15,159.80999755859375,160.4600067138672,158.3699951171875,159.8800048828125,137.3376922607422,3355500
2018-08-16,160.14999389648438,162.27999877929688,160.14999389648438,161.72999572753906,138.9268798828125,2822100
2018-08-17,161.89999389648438,161.89999389648438,160.24000549316406,161.14999389648438,138.4286651611328,2527400
2018-08-20,161.2899932861328,162.16000366210938,161.10000610351562,161.67999267578125,138.88389587402344,2659500
2018-08-21,161.4600067138672,161.9499969482422,161.02000427246094,161.0399932861328,138.33413696289062,1920900
2018-08-22,161.41000366210938,161.50999450683594,160.0800018310547,160.5500030517578,137.91322326660156,2361500
2018-08-23,160.55999755859375,160.7899932861328,158.3699951171875,159.0500030517578,136.62478637695312,2755500
2018-08-24,158.74000549316406,159.86000061035156,158.3000030517578,159.3800048828125,136.908203125,2199400
2018-08-27,160.22999572753906,160.52000427246094,159.1999969482422,160.47999572753906,137.85311889648438,2627100
2018-08-28,160.5500030517578,161.6699981689453,160.16000366210938,161.63999938964844,138.84957885742188,2138000
2018-08-29,161.9199981689453,163.33999633789062,161.69000244140625,163.11000061035156,140.11227416992188,3168200
2018-08-30,163.02999877929688,163.2899932861328,162.3699951171875,162.8000030517578,139.8459930419922,3038400
2018-08-31,161.52999877929688,162.91000366210938,161.52999877929688,162.22999572753906,140.22630310058594,3649700
2018-09-04,161.80999755859375,161.97999572753906,160.07000732421875,161.72000122070312,139.78549194335938,3296300
2018-09-05,161.60000610351562,163.39999389648438,161.19000244140625,163.24000549316406,141.09933471679688,2749200
2018-09-06,163.0399932861328,164.3000030517578,162.6999969482422,163.74000549316406,141.53152465820312,3133800
2018-09-07,163.5800018310547,164.1999969482422,163.13999938964844,163.89999389648438,141.66978454589844,2868300
2018-09-10,164.47999572753906,166.02000427246094,164.24000549316406,165.07000732421875,142.68109130859375,3080100
2018-09-11,164.8800048828125,165.92999267578125,164.1999969482422,164.6199951171875,142.2921142578125,2946400
2018-09-12,164.32000732421875,165.4199981689453,163.74000549316406,164.74000549316406,142.39588928222656,2613300
2018-09-13,165.4499969482422,165.4600067138672,161.6999969482422,162.39999389648438,140.37327575683594,3663600
2018-09-14,163.0,163.11000061035156,160.25,160.83999633789062,139.0248260498047,3939800
2018-09-17,159.5500030517578,159.82000732421875,156.55999755859375,158.13999938964844,136.69107055664062,5360000
2018-09-18,158.1699981689453,159.0800018310547,157.5800018310547,157.77000427246094,136.37127685546875,3722800
2018-09-19,158.7100067138672,159.49000549316406,157.72000122070312,159.17999267578125,137.59002685546875,2822000
2018-09-20,160.2100067138672,161.0500030517578,159.3699951171875,160.7899932861328,138.9816131591797,3218700
2018-09-21,162.7100067138672,165.3000030517578,162.50999450683594,165.3000030517578,142.87991333007812,8805500
2018-09-24,163.89999389648438,164.0800018310547,161.1199951171875,163.30999755859375,141.1598663330078,4375300
2018-09-25,164.58999633789062,167.17999267578125,164.07000732421875,166.41000366210938,143.8394012451172,5282900
2018-09-26,166.39999389648438,167.50999450683594,165.5500030517578,165.75999450683594,143.27755737304688,3092600
2018-09-27,165.6199951171875,167.27000427246094,165.3000030517578,166.52999877929688,143.943115234375,2390700
2018-09-28,166.74000549316406,167.8300018310547,166.50999450683594,167.2899932861328,144.6000213623047,3390200
2018-10-01,168.3699951171875,168.9499969482422,166.66000366210938,166.6699981689453,144.06411743164062,3118200
2018-10-02,166.35000610351562,167.0399932861328,165.17999267578125,165.17999267578125,142.7761993408203,3071200
2018-10-03,166.10000610351562,167.60000610351562,164.3699951171875,164.66000366210938,142.32675170898438,3830300
2018-10-04,164.88999938964844,166.07000732421875,164.5,165.8000030517578,143.31210327148438,3230400
2018-10-05,166.24000549316406,167.49000549316406,165.7899932861328,166.57000732421875,143.97769165039062,2822500
2018-10-08,166.25,168.1699981689453,166.1199951171875,167.77000427246094,145.01490783691406,2560500
2018-10-09,168.16000366210938,170.55999755859375,167.80999755859375,169.8300018310547,146.7955322265625,4157900
2018-10-10,171.99000549316406,172.0,168.22000122070312,168.3699951171875,145.53353881835938,4190500
2018-10-11,166.41000366210938,167.6699981689453,161.82000732421875,162.97000122070312,140.865966796875,5430700
2018-10-12,163.92999267578125,164.9600067138672,161.86000061035156,163.82000732421875,141.60067749023438,3446100
2018-10-15,164.69000244140625,165.47000122070312,163.63999938964844,163.6699981689453,141.47097778320312,4265900
2018-10-16,163.44000244140625,164.4600067138672,162.89999389648438,164.07000732421875,141.81674194335938,4094700
2018-10-17,164.47000122070312,167.72999572753906,164.11000061035156,166.77000427246094,144.15052795410156,3608400
2018-10-18,166.63999938964844,167.99000549316406,165.77000427246094,166.80999755859375,144.18511962890625,3378600
2018-10-19,166.38999938964844,168.14999389648438,166.3000030517578,167.49000549316406,144.7729034423828,3510000
2018-10-22,167.97999572753906,169.80999755859375,166.19000244140625,166.6300048828125,144.02957153320312,5703500
2018-10-23,171.1999969482422,177.8699951171875,170.5,177.14999389648438,153.12266540527344,12918300
2018-10-24,176.1300048828125,178.0,174.42999267578125,177.35000610351562,153.29556274414062,7866400
2018-10-25,177.55999755859375,178.27000427246094,174.60000610351562,175.30999755859375,151.53221130371094,4646400
2018-10-26,174.60000610351562,174.92999267578125,172.60000610351562,173.33999633789062,149.82945251464844,4741600
2018-10-29,175.0,176.16000366210938,172.22000122070312,173.22999572753906,149.73434448242188,3485200
2018-10-30,173.50999450683594,178.58999633789062,173.44000244140625,178.49000549316406,154.2809600830078,5582900
2018-10-31,178.80999755859375,178.9600067138672,176.3699951171875,176.89999389648438,152.90658569335938,5424700
2018-11-01,176.6699981689453,177.35000610351562,174.6999969482422,174.8800048828125,151.1605682373047,3701200
2018-11-02,176.4499969482422,176.99000549316406,174.0,176.75,152.7769317626953,4190900
2018-11-05,177.41000366210938,181.10000610351562,177.0,180.38999938964844,155.9232177734375,4747300
2018-11-06,180.02999877929688,182.86000061035156,179.49000549316406,182.7100067138672,157.92857360839844,4864700
2018-11-07,183.0,184.47999572753906,181.8800048828125,184.25,159.25970458984375,4363900
2018-11-08,184.2899932861328,186.0399932861328,184.0800018310547,185.47999572753906,160.3228759765625,3318600
2018-11-09,186.0,186.5800018310547,185.07000732421875,185.94000244140625,160.720458984375,3237000
2018-11-12,185.9499969482422,187.4199981689453,183.77999877929688,184.3699951171875,159.36343383789062,3080800
2018-11-13,183.94000244140625,184.9199981689453,183.32000732421875,184.00999450683594,159.05223083496094,2358100
2018-11-14,184.22000122070312,185.08999633789062,183.36000061035156,183.85000610351562,158.91395568847656,3407500
2018-11-15,182.97000122070312,183.97999572753906,181.52000427246094,183.55999755859375,158.6632843017578,3351100
2018-11-16,183.5,187.77000427246094,183.4199981689453,187.58999633789062,162.14671325683594,3759500
2018-11-19,187.74000549316406,188.89999389648438,185.7899932861328,186.72000122070312,161.39468383789062,3745900
2018-11-20,185.6699981689453,186.6300048828125,183.02999877929688,183.7100067138672,158.79293823242188,3708300
2018-11-21,183.2100067138672,185.57000732421875,182.6999969482422,182.72000122070312,157.937255859375,3410600
2018-11-23,182.52000427246094,183.0,181.07000732421875,181.92999267578125,157.2543182373047,1747700
2018-11-26,182.39999389648438,184.08999633789062,182.07000732421875,183.88999938964844,158.9485321044922,3843300
2018-11-27,183.3300018310547,184.63999938964844,183.19000244140625,184.6300048828125,159.588134765625,2194200
2018-11-28,185.97000122070312,188.0500030517578,184.72000122070312,187.85000610351562,162.37142944335938,3279500
2018-11-29,190.72000122070312,190.8800048828125,188.61000061035156,189.25999450683594,163.59019470214844,4617100
2018-11-30,188.33999633789062,189.22999572753906,186.75999450683594,188.50999450683594,163.94674682617188,6635700
2018-12-03,188.10000610351562,188.4199981689453,184.6699981689453,185.3699951171875,161.21588134765625,4401700
2018-12-04,185.7899932861328,188.0800018310547,184.89999389648438,185.0399932861328,160.92889404296875,4436200
2018-12-06,182.74000549316406,185.75,182.10000610351562,185.4499969482422,161.2854766845703,4878000
2018-12-07,185.3300018310547,187.1999969482422,182.6699981689453,182.9600067138672,159.1199493408203,3088000
2018-12-10,182.9600067138672,185.08999633789062,180.5500030517578,184.64999389648438,160.58970642089844,3084900
2018-12-11,186.57000732421875,186.8300018310547,182.8699951171875,183.58999633789062,159.66783142089844,2889100
2018-12-12,183.92999267578125,184.83999633789062,182.35000610351562,183.47999572753906,159.57215881347656,3024600
2018-12-13,184.0,186.75999450683594,183.80999755859375,186.42999267578125,162.13775634765625,2737500
2018-12-14,185.25999450683594,185.25999450683594,182.1999969482422,183.2899932861328,159.40699768066406,4450000
2018-12-17,182.8000030517578,183.6199951171875,180.1999969482422,180.7899932861328,157.232666015625,4566700
2018-12-18,182.24000549316406,182.61000061035156,179.05999755859375,179.7100067138672,156.29342651367188,4269000
2018-12-19,180.9499969482422,182.97999572753906,178.5800018310547,179.16000366210938,155.81509399414062,3883800
2018-12-20,178.2100067138672,178.80999755859375,172.5399932861328,173.67999267578125,151.04913330078125,5775300
2018-12-21,173.52999877929688,177.64999389648438,173.52999877929688,174.14999389648438,151.4578857421875,8536900
2018-12-24,174.24000549316406,175.27000427246094,170.1699981689453,170.27999877929688,148.09214782714844,2400900
2018-12-26,170.08999633789062,174.0399932861328,169.0399932861328,174.02999877929688,151.35357666015625,4065500
2018-12-27,173.2899932861328,175.7100067138672,170.72999572753906,175.7100067138672,152.8146514892578,3934500
2018-12-28,176.3000030517578,177.5,174.85000610351562,175.55999755859375,152.68414306640625,2896800
2018-12-31,175.9600067138672,177.8000030517578,175.60000610351562,177.57000732421875,154.43226623535156,2482600
2019-01-02,175.41000366210938,176.3000030517578,174.1699981689453,176.05999755859375,153.11900329589844,2571500
2019-01-03,175.4499969482422,176.4499969482422,174.41000366210938,174.89999389648438,152.11012268066406,3728200
2019-01-04,176.02999877929688,179.1999969482422,175.69000244140625,178.27999877929688,155.04974365234375,3194300
2019-01-07,178.13999938964844,181.8800048828125,178.13999938964844,180.22000122070312,156.7369842529297,3283000
2019-01-08,181.9600067138672,182.2899932861328,179.91000366210938,180.60000610351562,157.0674285888672,2941400
2019-01-09,180.55999755859375,180.89999389648438,179.19000244140625,180.2899932861328,156.7978515625,2680700
2019-01-10,179.83999633789062,181.8800048828125,179.32000732421875,181.5500030517578,157.89364624023438,2498500
2019-01-11,180.58999633789062,182.39999389648438,180.4600067138672,182.3699951171875,158.60679626464844,2348900
2019-01-14,181.4199981689453,181.75,180.69000244140625,181.22000122070312,157.60670471191406,1886200
2019-01-15,181.47000122070312,183.2100067138672,180.74000549316406,181.02000427246094,157.43270874023438,3860200
2019-01-16,180.94000244140625,181.52999877929688,179.13999938964844,179.35000610351562,155.9803466796875,3375600
2019-01-17,179.25,181.11000061035156,179.02999877929688,181.11000061035156,157.51101684570312,3061000
2019-01-18,183.0399932861328,183.25999450683594,180.94000244140625,182.57000732421875,158.78073120117188,3498000
2019-01-22,182.25,185.47999572753906,182.25,184.57000732421875,160.5201416015625,3190300
2019-01-23,184.77999877929688,186.1699981689453,184.11000061035156,186.08999633789062,161.84210205078125,2530700
2019-01-24,186.86000061035156,187.8800048828125,185.94000244140625,187.3699951171875,162.95530700683594,3214200
2019-01-25,188.77000427246094,189.4199981689453,183.92999267578125,184.0,160.02442932128906,4405600
2019-01-28,183.05999755859375,183.72000122070312,181.8300018310547,183.60000610351562,159.67654418945312,4138700
2019-01-29,183.27999877929688,183.72000122070312,180.97000122070312,182.1699981689453,158.432861328125,3666700
2019-01-30,182.9199981689453,187.7899932861328,178.6699981689453,181.77000427246094,158.08493041992188,9489900
2019-01-31,180.25,181.85000610351562,176.8699951171875,178.77999877929688,155.484619140625,10440100
2019-02-01,179.5500030517578,180.49000549316406,176.47999572753906,176.72000122070312,153.69300842285156,6529200
2019-02-04,177.2899932861328,177.77999877929688,175.66000366210938,177.5500030517578,154.4148712158203,4533800
2019-02-05,177.7100067138672,179.4199981689453,177.22000122070312,177.57000732421875,154.43226623535156,4495900
2019-02-06,177.5500030517578,177.5500030517578,175.99000549316406,176.17999267578125,153.2233428955078,3965200
2019-02-07,176.0,176.25999450683594,174.30999755859375,175.27999877929688,152.4406280517578,4176300
2019-02-08,174.77000427246094,175.47000122070312,174.39999389648438,174.75,151.97972106933594,4051600
2019-02-11,175.24000549316406,175.89999389648438,174.1699981689453,174.25999450683594,151.5535430908203,3216400
2019-02-12,174.7899932861328,175.27999877929688,173.8000030517578,173.97000122070312,151.30133056640625,4692800
2019-02-13,174.0,174.66000366210938,173.75,174.14999389648438,151.4578857421875,5283000
2019-02-14,173.92999267578125,176.44000244140625,173.41000366210938,175.8699951171875,152.95376586914062,4428800
2019-02-15,177.27999877929688,179.97999572753906,177.00999450683594,179.97000122070312,156.51947021484375,4648600
2019-02-19,181.11000061035156,181.89999389648438,179.16000366210938,179.25,155.8933563232422,4765400
2019-02-20,179.47000122070312,180.9199981689453,179.33999633789062,180.49000549316406,156.97177124023438,3707400
2019-02-21,180.4499969482422,183.33999633789062,180.39999389648438,182.80999755859375,158.9894561767578,4391000
2019-02-22,182.97999572753906,183.41000366210938,182.0,183.1699981689453,159.3025665283203,3073500
2019-02-25,183.92999267578125,184.7100067138672,182.41000366210938,182.61000061035156,158.8155517578125,3090800
2019-02-26,183.44000244140625,183.80999755859375,182.47000122070312,183.2100067138672,159.3373565673828,2219100
2019-02-27,183.07000732421875,184.05999755859375,182.83999633789062,183.36000061035156,159.46780395507812,2261700
2019-02-28,182.1300048828125,183.97999572753906,182.00999450683594,183.83999633789062,160.90318298339844,3297900
2019-03-01,184.58999633789062,185.64999389648438,184.07000732421875,185.0500030517578,161.96221923828125,2691000
2019-03-04,184.5500030517578,184.72999572753906,179.6999969482422,180.58999633789062,158.05868530273438,4899800
2019-03-05,180.60000610351562,181.75,180.35000610351562,181.35000610351562,158.72384643554688,3362500
2019-03-06,182.0,183.4600067138672,181.89999389648438,182.02999877929688,159.3190155029297,2083900
2019-03-07,182.1199951171875,182.38999938964844,179.9499969482422,180.52000427246094,157.99740600585938,3268100
2019-03-08,179.75,180.0,178.27000427246094,179.5,157.10470581054688,2757200
2019-03-11,180.0,181.1199951171875,179.8000030517578,181.0800018310547,158.48756408691406,2071500
2019-03-12,181.6699981689453,182.10000610351562,180.66000366210938,181.8300018310547,159.1439666748047,2191800
2019-03-13,182.52000427246094,183.17999267578125,181.6999969482422,182.05999755859375,159.34524536132812,2612100
2019-03-14,181.99000549316406,182.77999877929688,180.6699981689453,182.74000549316406,159.94044494628906,2375300
2019-03-15,183.27000427246094,185.4600067138672,182.11000061035156,185.3300018310547,162.207275390625,6010500
2019-03-18,185.97999572753906,186.25999450683594,183.41000366210938,183.9499969482422,160.9994659423828,3669200
2019-03-19,184.05999755859375,184.3699951171875,182.52999877929688,183.11000061035156,160.26429748535156,4102800
2019-03-20,183.3800048828125,185.36000061035156,182.32000732421875,184.97000122070312,161.8922119140625,3522400
2019-03-21,184.44000244140625,186.6300048828125,184.42999267578125,186.3699951171875,163.11756896972656,2830200
2019-03-22,185.9600067138672,188.64999389648438,185.94000244140625,186.80999755859375,163.50265502929688,3319600
2019-03-25,186.25,186.4600067138672,184.00999450683594,185.72000122070312,162.5486297607422,2651600
2019-03-26,186.64999389648438,188.8800048828125,186.35000610351562,187.47999572753906,164.08901977539062,2609600
2019-03-27,187.63999938964844,188.66000366210938,187.02999877929688,187.50999450683594,164.1152801513672,1684800
2019-03-28,187.97000122070312,189.4499969482422,187.92999267578125,189.38999938964844,165.76077270507812,1977100
2019-03-29,190.25,190.52000427246094,188.91000366210938,189.89999389648438,166.20712280273438,2952000
2019-04-01,190.5,190.85000610351562,187.74000549316406,188.38999938964844,164.8855438232422,3195100
2019-04-02,188.91000366210938,188.9499969482422,186.6999969482422,188.35000610351562,164.85049438476562,1797700
2019-04-03,188.8800048828125,189.24000549316406,187.6199951171875,188.35000610351562,164.85049438476562,2512300
2019-04-04,189.0500030517578,190.72999572753906,188.89999389648438,189.8699951171875,166.1808624267578,2324900
2019-04-05,190.35000610351562,191.24000549316406,190.07000732421875,190.7100067138672,166.9160614013672,2438400
2019-04-08,190.7100067138672,191.5,189.60000610351562,189.85000610351562,166.16334533691406,2290100
2019-04-09,189.39999389648438,190.27999877929688,188.44000244140625,190.0800018310547,166.36468505859375,2279500
2019-04-10,190.55999755859375,191.3000030517578,188.75999450683594,189.22000122070312,165.6119384765625,2406800
2019-04-11,189.27999877929688,189.47999572753906,188.0500030517578,188.8800048828125,165.3143768310547,1740400
2019-04-12,189.58999633789062,192.27999877929688,189.57000732421875,191.60000610351562,167.6950225830078,3238800
2019-04-15,191.77000427246094,192.35000610351562,190.85000610351562,191.85000610351562,167.91384887695312,1973500
2019-04-16,192.5,193.07000732421875,191.38999938964844,191.6999969482422,167.78256225585938,1559200
2019-04-17,192.0,192.35000610351562,191.3699951171875,191.61000061035156,167.70376586914062,1875000
2019-04-18,191.77000427246094,195.0,191.66000366210938,194.91000366210938,170.592041015625,2918400
2019-04-22,194.0,194.72999572753906,193.3800048828125,193.9199981689453,169.72557067871094,1738400
2019-04-23,194.30999755859375,195.9499969482422,194.1199951171875,195.25999450683594,170.89834594726562,2192900
2019-04-24,195.57000732421875,198.25999450683594,195.33999633789062,197.6300048828125,172.97268676757812,3070100
2019-04-25,196.49000549316406,198.02000427246094,195.6199951171875,197.92999267578125,173.23526000976562,2040800
2019-04-26,198.47000122070312,198.60000610351562,196.5399932861328,197.4199981689453,172.7888641357422,2302100
2019-04-29,197.97999572753906,198.36000061035156,195.39999389648438,197.1199951171875,172.5263214111328,3456100
2019-04-30,198.85000610351562,200.0,195.5,197.57000732421875,172.92015075683594,6162300
2019-05-01,195.8699951171875,197.19000244140625,193.9499969482422,194.1699981689453,169.9444122314453,4059600
2019-05-02,194.19000244140625,195.14999389648438,193.32000732421875,194.61000061035156,170.32949829101562,2418000
2019-05-03,195.33999633789062,197.97000122070312,194.75,197.52000427246094,172.87640380859375,2915200
2019-05-06,196.52999877929688,199.17999267578125,195.94000244140625,198.89999389648438,174.084228515625,2371300
2019-05-07,197.9600067138672,199.6199951171875,196.72999572753906,198.0399932861328,173.33151245117188,3072500
2019-05-08,197.7100067138672,199.08999633789062,196.75,198.02999877929688,173.3227996826172,2040900
2019-05-09,197.1199951171875,198.30999755859375,196.41000366210938,197.72999572753906,173.0602264404297,1923600
2019-05-10,197.05999755859375,200.36000061035156,197.02000427246094,199.99000549316406,175.0382537841797,2668800
2019-05-13,198.0,199.91000366210938,197.27999877929688,199.02999877929688,174.19802856445312,2809400
2019-05-14,198.8300018310547,199.61000061035156,197.63999938964844,198.00999450683594,173.3052978515625,2787700
2019-05-15,197.66000366210938,199.72999572753906,197.5,199.07000732421875,174.2330322265625,1899000
2019-05-16,199.36000061035156,200.6300048828125,198.88999938964844,199.99000549316406,175.0382537841797,2520500
2019-05-17,198.86000061035156,200.3699951171875,198.8000030517578,199.22000122070312,174.3643035888672,2239600
2019-05-20,199.22000122070312,200.67999267578125,198.27999877929688,198.99000549316406,174.1630401611328,2217400
2019-05-21,200.88999938964844,201.14999389648438,199.07000732421875,199.83999633789062,174.90695190429688,2264600
2019-05-22,199.52000427246094,200.1699981689453,198.5,199.9600067138672,175.011962890625,1760300
2019-05-23,198.80999755859375,199.42999267578125,198.10000610351562,198.97000122070312,174.14553833007812,3560400
2019-05-24,199.8699951171875,199.89999389648438,197.3300018310547,197.77000427246094,173.0952606201172,2105800
2019-05-28,198.27999877929688,199.3800048828125,196.3800048828125,196.6699981689453,172.1324462890625,3675100
2019-05-29,195.85000610351562,196.6999969482422,194.85000610351562,196.02000427246094,171.5635528564453,2925100
2019-05-30,196.00999450683594,199.4199981689453,195.77999877929688,199.24000549316406,174.3818359375,2685000
2019-05-31,197.41000366210938,200.02999877929688,197.25,198.27000427246094,174.54908752441406,3669100
2019-06-03,198.36000061035156,199.10000610351562,197.32000732421875,198.77999877929688,174.99806213378906,3211800
2019-06-04,199.0,200.3000030517578,198.7899932861328,199.6300048828125,175.74635314941406,3829900
2019-06-05,200.0800018310547,200.55999755859375,199.25,200.1300048828125,176.18655395507812,4294600
2019-06-06,200.1199951171875,203.3800048828125,200.02999877929688,203.0500030517578,178.75723266601562,4657600
2019-06-07,203.5,206.38999938964844,203.5,205.47999572753906,180.89646911621094,4345000
2019-06-10,206.10000610351562,206.10000610351562,199.74000549316406,201.3000030517578,177.21658325195312,4647500
2019-06-11,202.3000030517578,203.64999389648438,201.38999938964844,203.25999450683594,178.9420623779297,2991400
2019-06-12,204.49000549316406,205.49000549316406,203.6999969482422,204.92999267578125,180.41229248046875,2874000
2019-06-13,205.1999969482422,205.39999389648438,203.66000366210938,204.49000549316406,180.02490234375,2277800
2019-06-14,204.0,205.80999755859375,203.77999877929688,205.2899932861328,180.72921752929688,2715800
2019-06-17,205.75,205.75,203.08999633789062,203.80999755859375,179.42626953125,2694400
2019-06-18,205.0,205.39999389648438,203.9199981689453,204.50999450683594,180.0425262451172,2470900
2019-06-19,204.6199951171875,205.0,202.61000061035156,204.5500030517578,180.07777404785156,2328400
2019-06-20,205.0,205.38999938964844,204.10000610351562,205.1199951171875,180.5795440673828,2162200
2019-06-21,205.5800018310547,205.94000244140625,203.97999572753906,204.25999450683594,179.8224334716797,4267400
2019-06-24,204.75,205.25,203.6300048828125,203.9199981689453,179.52313232421875,2486800
2019-06-25,204.8000030517578,206.38999938964844,204.72000122070312,205.7100067138672,181.09896850585938,3020900
2019-06-26,205.49000549316406,205.6699981689453,204.00999450683594,204.5500030517578,180.07777404785156,2576000
2019-06-27,204.6699981689453,206.35000610351562,204.1999969482422,206.27000427246094,181.59194946289062,2253500
2019-06-28,206.89999389648438,207.99000549316406,206.32000732421875,207.66000366210938,182.81565856933594,3658200
2019-07-01,208.86000061035156,209.42999267578125,206.19000244140625,206.3000030517578,181.618408203125,2689500
2019-07-02,206.75,209.5800018310547,206.32000732421875,209.5800018310547,184.50595092773438,3120000
2019-07-03,209.82000732421875,212.8699951171875,209.6999969482422,212.80999755859375,187.34951782226562,2306000
2019-07-05,212.3000030517578,213.00999450683594,210.25,211.24000549316406,185.96737670898438,1876200
2019-07-08,211.24000549316406,212.52999877929688,211.22999572753906,212.16000366210938,186.77731323242188,1818000
2019-07-09,211.99000549316406,212.69000244140625,211.47000122070312,212.08999633789062,186.7156524658203,1618800
2019-07-10,212.25,213.4600067138672,211.9499969482422,213.0,187.5167999267578,1842300
2019-07-11,214.47000122070312,214.8000030517578,211.61000061035156,212.69000244140625,187.24388122558594,1922800
2019-07-12,212.69000244140625,213.39999389648438,211.27000427246094,212.99000549316406,187.5079803466797,1960100
2019-07-15,213.6300048828125,214.6999969482422,212.69000244140625,214.2100067138672,188.5820770263672,2408500
2019-07-16,213.52999877929688,214.89999389648438,212.14999389648438,213.72000122070312,188.1506805419922,2380400
2019-07-17,213.97999572753906,214.89999389648438,213.36000061035156,213.7100067138672,188.14183044433594,1698400
2019-07-18,214.0800018310547,215.9499969482422,213.3300018310547,215.91000366210938,190.0786590576172,2259800
2019-07-19,215.5800018310547,216.25999450683594,213.8000030517578,213.8699951171875,188.28273010253906,2860500
2019-07-22,213.7899932861328,215.3300018310547,212.52000427246094,215.0,189.2775421142578,2580000
2019-07-23,215.74000549316406,216.25,212.63999938964844,214.30999755859375,188.6700439453125,2503600
2019-07-24,213.83999633789062,214.9499969482422,212.27000427246094,212.77999877929688,187.32313537597656,2971600
2019-07-25,212.36000061035156,214.60000610351562,212.30999755859375,214.44000244140625,188.78451538085938,3789000
2019-07-26,217.9499969482422,218.9600067138672,214.49000549316406,215.5800018310547,189.78811645507812,5029300
2019-07-29,216.0,217.4199981689453,214.3000030517578,214.97999572753906,189.25991821289062,4278600
2019-07-30,214.2899932861328,215.2100067138672,211.5800018310547,212.33999633789062,186.93576049804688,2808500
2019-07-31,212.0800018310547,212.7100067138672,209.3699951171875,210.72000122070312,185.5095977783203,4048800
2019-08-01,211.17999267578125,213.1300048828125,210.11000061035156,211.25,185.97616577148438,3231800
2019-08-02,211.3000030517578,215.08999633789062,210.88999938964844,214.47999572753906,188.8197479248047,3517800
2019-08-05,213.63999938964844,214.61000061035156,209.42999267578125,210.4499969482422,185.27183532714844,3685600
2019-08-06,210.5,214.5500030517578,209.8800048828125,214.0800018310547,188.4675750732422,2970300
2019-08-07,213.25999450683594,217.55999755859375,211.33999633789062,216.8300018310547,190.88851928710938,3767200
2019-08-08,217.30999755859375,219.74000549316406,216.1699981689453,218.00999450683594,191.9274139404297,3724300
2019-08-09,218.0800018310547,221.92999267578125,218.0800018310547,221.14999389648438,194.69171142578125,3784000
2019-08-12,220.44000244140625,220.64999389648438,216.3699951171875,217.16000366210938,191.17910766601562,2338200
2019-08-13,220.0,220.22000122070312,218.0399932861328,219.72999572753906,193.44161987304688,2913300
2019-08-14,218.9499969482422,219.74000549316406,216.3800048828125,216.47999572753906,190.58042907714844,3233700
2019-08-15,216.0,218.47999572753906,215.6699981689453,218.27000427246094,192.15626525878906,2774100
2019-08-16,219.17999267578125,219.82000732421875,217.3000030517578,218.47000122070312,192.33238220214844,2475900
2019-08-19,219.99000549316406,220.2100067138672,217.11000061035156,218.77999877929688,192.6052703857422,2721100
2019-08-20,218.86000061035156,219.9199981689453,218.35000610351562,218.47000122070312,192.33238220214844,2333800
2019-08-21,219.89999389648438,220.7899932861328,218.72999572753906,220.7100067138672,194.3043975830078,2053200
2019-08-22,220.5399932861328,220.88999938964844,217.8800048828125,219.49000549316406,193.23037719726562,2550600
2019-08-23,219.1699981689453,219.47000122070312,213.88999938964844,214.66000366210938,188.97821044921875,3662300
2019-08-26,216.0800018310547,217.17999267578125,214.2100067138672,216.91000366210938,190.95901489257812,2553100
2019-08-27,217.5800018310547,217.89999389648438,216.0500030517578,216.0500030517578,190.2018585205078,2070000
2019-08-28,216.6199951171875,218.2100067138672,215.39999389648438,218.07000732421875,191.98020935058594,2146100
2019-08-29,219.8300018310547,221.02000427246094,218.3699951171875,220.5399932861328,194.15469360351562,2729800
2019-08-30,219.8000030517578,220.0,216.94000244140625,217.97000122070312,192.90682983398438,2733700
2019-09-03,217.92999267578125,218.6699981689453,216.27999877929688,217.1300048828125,192.1634521484375,3183100
2019-09-04,217.5,219.25999450683594,216.5,218.5,193.37588500976562,2252200
2019-09-05,220.2100067138672,220.3300018310547,218.39999389648438,219.49000549316406,194.25205993652344,2752100
2019-09-06,219.80999755859375,220.83999633789062,219.4499969482422,220.02999877929688,194.72999572753906,1976500
2019-09-09,220.5,220.5,217.16000366210938,217.25999450683594,192.27845764160156,2569600
2019-09-10,215.42999267578125,215.42999267578125,208.27999877929688,209.67999267578125,185.57008361816406,6407600
2019-09-11,209.69000244140625,211.5500030517578,208.5399932861328,210.1999969482422,186.03030395507812,3393300
2019-09-12,211.89999389648438,214.02999877929688,211.3000030517578,212.14999389648438,187.7560272216797,3439100
2019-09-13,212.5,212.77999877929688,208.9499969482422,209.80999755859375,185.68511962890625,3791800
2019-09-16,209.3000030517578,209.86000061035156,207.3300018310547,207.39999389648438,183.55224609375,3437700
2019-09-17,208.0,210.83999633789062,207.49000549316406,209.85000610351562,185.7205352783203,3667900
2019-09-18,210.64999389648438,210.8800048828125,208.2899932861328,210.42999267578125,186.2338104248047,2534800
2019-09-19,210.3800048828125,211.8300018310547,209.8699951171875,210.52000427246094,186.31346130371094,2552000
2019-09-20,210.33999633789062,211.77999877929688,209.3699951171875,209.38999938964844,185.31341552734375,5979300
2019-09-23,209.05999755859375,212.47000122070312,209.05999755859375,211.5399932861328,187.2161865234375,2812100
2019-09-24,212.5,213.52000427246094,211.5500030517578,212.02000427246094,187.64100646972656,3049800
2019-09-25,212.02000427246094,213.14999389648438,211.0,212.6300048828125,188.18087768554688,2414500
2019-09-26,214.22000122070312,215.6699981689453,212.47999572753906,212.60000610351562,188.15431213378906,3053100
2019-09-27,213.05999755859375,213.6300048828125,212.2899932861328,213.16000366210938,188.64987182617188,2333200
2019-09-30,213.16000366210938,215.36000061035156,212.80999755859375,214.7100067138672,190.0216827392578,2488000
2019-10-01,211.1300048828125,211.6999969482422,208.4600067138672,209.02000427246094,184.9859619140625,4811900
2019-10-02,207.92999267578125,208.47999572753906,205.58999633789062,206.27000427246094,182.55218505859375,4171400
2019-10-03,206.82000732421875,210.02999877929688,206.3300018310547,210.02999877929688,185.87979125976562,3499900
2019-10-04,210.8300018310547,211.7100067138672,210.0399932861328,211.69000244140625,187.3489532470703,2220300
2019-10-07,211.10000610351562,212.8699951171875,211.10000610351562,211.9199981689453,187.55252075195312,3057000
2019-10-08,210.97999572753906,213.13999938964844,209.97000122070312,211.11000061035156,186.83563232421875,2555900
2019-10-09,211.6999969482422,213.47000122070312,211.6199951171875,212.8300018310547,188.3578643798828,1745900
2019-10-10,211.75999450683594,213.1300048828125,211.5,211.75999450683594,187.410888671875,1853100
2019-10-11,213.02999877929688,213.27000427246094,208.6699981689453,209.02000427246094,184.9859619140625,3945700
2019-10-14,208.0,210.02000427246094,207.7899932861328,208.3800048828125,184.41952514648438,3088000
2019-10-15,209.55999755859375,209.72000122070312,206.52000427246094,207.22000122070312,183.39291381835938,3766800
2019-10-16,207.0,208.92999267578125,206.80999755859375,208.3000030517578,184.34873962402344,2891400
2019-10-17,208.5,209.49000549316406,206.83999633789062,206.85000610351562,183.06546020507812,3340500
2019-10-18,206.8000030517578,209.0500030517578,206.72999572753906,208.5,184.52577209472656,3518800
2019-10-21,209.6999969482422,210.75999450683594,208.44000244140625,209.85000610351562,185.7205352783203,3684200
2019-10-22,205.08999633789062,205.25,199.14999389648438,199.27000427246094,176.35704040527344,10265400
2019-10-23,200.11000061035156,201.13999938964844,198.02000427246094,199.2100067138672,176.30393981933594,7943700
2019-10-24,199.5399932861328,199.5500030517578,195.7899932861328,196.02000427246094,173.480712890625,4955600
2019-10-25,196.10000610351562,196.64999389648438,194.39999389648438,194.61000061035156,172.2328643798828,4773700
2019-10-28,194.97999572753906,195.32000732421875,191.5,191.77999877929688,169.728271484375,7711400
2019-10-29,192.0,193.1999969482422,191.63999938964844,192.6199951171875,170.47169494628906,4454600
2019-10-30,193.2899932861328,197.0,191.67999267578125,196.88999938964844,174.25071716308594,6332600
2019-10-31,197.39999389648438,198.0,195.6300048828125,196.6999969482422,174.08258056640625,4961000
2019-11-01,197.77999877929688,197.97000122070312,193.6999969482422,193.94000244140625,171.63992309570312,4192400
2019-11-04,190.16000366210938,190.75,187.5500030517578,188.66000366210938,166.96707153320312,17662100
2019-11-05,189.64999389648438,193.0,189.4499969482422,192.17999267578125,170.08229064941406,10496000
2019-11-06,193.3000030517578,195.27000427246094,193.0500030517578,194.17999267578125,171.8523406982422,6473500
2019-11-07,195.72000122070312,196.0,192.32000732421875,193.0800018310547,170.8787841796875,4820200
2019-11-08,194.60000610351562,194.77999877929688,193.22000122070312,193.61000061035156,171.34786987304688,3499400
2019-11-11,193.6300048828125,194.25,192.5,192.63999938964844,170.48939514160156,2746700
2019-11-12,193.0,193.86000061035156,192.77000427246094,193.27999877929688,171.05581665039062,2930600
2019-11-13,193.77000427246094,195.08999633789062,193.50999450683594,195.0,172.57801818847656,3405000
2019-11-14,195.22999572753906,195.5,193.16000366210938,194.0,171.69302368164062,3173900
2019-11-15,194.57000732421875,194.7899932861328,193.30999755859375,193.97000122070312,171.6664581298828,2991300
2019-11-18,194.1999969482422,195.72000122070312,193.86000061035156,194.27999877929688,171.9408416748047,3420300
2019-11-19,194.1999969482422,194.39999389648438,193.00999450683594,193.44000244140625,171.1973876953125,2910500
2019-11-20,193.58999633789062,194.97000122070312,193.5399932861328,194.1300048828125,171.80809020996094,3131300
2019-11-21,194.27999877929688,194.66000366210938,192.25999450683594,192.35000610351562,170.2327423095703,3509500
2019-11-22,193.19000244140625,193.4199981689453,192.14999389648438,193.13999938964844,170.93191528320312,2417700
2019-11-25,193.94000244140625,194.32000732421875,191.60000610351562,191.88999938964844,169.82565307617188,3999600
2019-11-26,192.0,194.02999877929688,191.9499969482422,194.00999450683594,171.7018585205078,3877200
2019-11-27,194.25999450683594,196.6699981689453,193.9199981689453,196.3000030517578,173.72857666015625,4133000
2019-11-29,196.50999450683594,196.5399932861328,194.27000427246094,194.47999572753906,173.22084045410156,2815500
2019-12-02,195.3800048828125,195.58999633789062,193.77999877929688,195.17999267578125,173.8443145751953,3197500
2019-12-03,194.3000030517578,195.0399932861328,192.35000610351562,193.1199951171875,172.009521484375,3745300
2019-12-04,193.58999633789062,194.47000122070312,192.88999938964844,194.30999755859375,173.06942749023438,2217200
2019-12-05,194.5,194.5,193.13999938964844,194.2100067138672,172.98037719726562,2819600
2019-12-06,194.5500030517578,195.74000549316406,194.11000061035156,195.35000610351562,173.99578857421875,3095100
2019-12-09,195.66000366210938,196.35000610351562,194.2899932861328,194.67999267578125,173.39898681640625,2227500
2019-12-10,194.6199951171875,195.38999938964844,194.27999877929688,194.9499969482422,173.63949584960938,2470100
2019-12-11,195.6699981689453,195.75,194.25999450683594,194.72000122070312,173.43460083007812,2490300
2019-12-12,195.25,197.1699981689453,194.91000366210938,196.30999755859375,174.85081481933594,3024700
2019-12-13,196.0399932861328,197.3300018310547,195.33999633789062,197.1199951171875,175.57228088378906,2077900
2019-12-16,197.58999633789062,198.16000366210938,196.47999572753906,197.8800048828125,176.2492218017578,3650100
2019-12-17,197.60000610351562,198.72000122070312,196.4499969482422,196.52000427246094,175.03785705566406,3338200
2019-12-18,196.60000610351562,196.7899932861328,194.7100067138672,195.6300048828125,174.24513244628906,4287700
2019-12-19,195.4600067138672,197.17999267578125,195.25,197.05999755859375,175.51881408691406,3345700
2019-12-20,198.5500030517578,199.0,196.64999389648438,197.13999938964844,175.59007263183594,6415500
2019-12-23,197.5399932861328,197.5399932861328,196.02999877929688,196.1999969482422,174.75286865234375,2388900
2019-12-24,195.92999267578125,197.13999938964844,195.6699981689453,196.6699981689453,175.1714324951172,1152500
2019-12-26,196.61000061035156,197.16000366210938,196.16000366210938,197.05999755859375,175.51881408691406,1809600
2019-12-27,197.3300018310547,198.47000122070312,197.17999267578125,198.1699981689453,176.50750732421875,2263900
2019-12-30,197.5800018310547,197.8000030517578,195.94000244140625,196.91000366210938,175.3852081298828,2242400
2019-12-31,196.8000030517578,197.9499969482422,196.55999755859375,197.61000061035156,176.0087127685547,2278700
2020-01-02,198.0,200.8000030517578,197.80999755859375,200.7899932861328,178.84104919433594,3554200
2020-01-03,199.38999938964844,200.5500030517578,198.85000610351562,200.0800018310547,178.20870971679688,2767600
2020-01-06,199.60000610351562,202.77000427246094,199.35000610351562,202.3300018310547,180.21275329589844,4660400
2020-01-07,201.8699951171875,202.67999267578125,200.50999450683594,202.6300048828125,180.47998046875,4047400
2020-01-08,202.6199951171875,206.69000244140625,202.1999969482422,205.91000366210938,183.4014434814453,5284200
2020-01-09,206.86000061035156,209.3699951171875,206.10000610351562,208.35000610351562,185.57472229003906,5971600
2020-01-10,208.44000244140625,208.9499969482422,207.27000427246094,207.27000427246094,184.61276245117188,2336400
2020-01-13,207.3800048828125,207.77999877929688,205.75999450683594,206.50999450683594,183.93582153320312,2784200
2020-01-14,205.4600067138672,207.64999389648438,205.4600067138672,207.32000732421875,184.65728759765625,2622700
2020-01-15,207.32000732421875,210.35000610351562,207.32000732421875,209.77000427246094,186.83946228027344,3369400
2020-01-16,210.11000061035156,211.11000061035156,209.22000122070312,210.85000610351562,187.8014373779297,2726700
2020-01-17,211.4199981689453,212.77000427246094,211.35000610351562,211.97999572753906,188.80789184570312,3540400
2020-01-21,211.3699951171875,212.25999450683594,210.22000122070312,211.16000366210938,188.0775146484375,4100500
2020-01-22,213.16000366210938,213.66000366210938,211.41000366210938,211.44000244140625,188.326904296875,2757400
2020-01-23,210.5399932861328,213.5,208.6199951171875,213.4199981689453,190.09046936035156,3378200
2020-01-24,214.17999267578125,214.17999267578125,210.89999389648438,211.24000549316406,188.14877319335938,3106300
2020-01-27,207.83999633789062,210.61000061035156,207.3000030517578,209.33999633789062,186.4564666748047,3389300
2020-01-28,209.88999938964844,212.2100067138672,209.86000061035156,210.38999938964844,187.3916778564453,3855200
2020-01-29,211.69000244140625,216.4199981689453,210.8000030517578,214.44000244140625,190.9989776611328,5734800
2020-01-30,214.0,216.74000549316406,212.8300018310547,216.17999267578125,192.54873657226562,3560700
2020-01-31,215.52000427246094,217.10000610351562,213.13999938964844,213.97000122070312,190.58035278320312,3920800
2020-02-03,214.99000549316406,216.8800048828125,214.22999572753906,215.17999267578125,191.6580810546875,3539200
2020-02-04,216.11000061035156,216.69000244140625,214.25,214.6199951171875,191.15928649902344,3367900
2020-02-05,215.63999938964844,215.77999877929688,213.00999450683594,214.3699951171875,190.93663024902344,2911400
2020-02-06,214.72000122070312,214.82000732421875,212.63999938964844,212.8699951171875,189.60060119628906,2903300
2020-02-07,212.55999755859375,212.83999633789062,211.08999633789062,211.61000061035156,188.47836303710938,2421600
2020-02-10,211.33999633789062,213.27999877929688,211.25,213.2100067138672,189.90342712402344,2318800
2020-02-11,214.0,215.86000061035156,213.64999389648438,215.72999572753906,192.14796447753906,2694500
2020-02-12,216.0,217.47000122070312,215.11000061035156,217.4600067138672,193.68885803222656,2844900
2020-02-13,216.7100067138672,218.38999938964844,216.19000244140625,217.4199981689453,193.6532440185547,2853400
2020-02-14,217.5,217.83999633789062,216.3800048828125,217.08999633789062,193.3592987060547,1720400
2020-02-18,215.9199981689453,217.0399932861328,215.6699981689453,216.14999389648438,192.52203369140625,2712600
2020-02-19,216.80999755859375,216.9199981689453,215.61000061035156,215.6300048828125,192.05892944335938,2229500
2020-02-20,216.14999389648438,216.64999389648438,212.77999877929688,215.0800018310547,191.5690155029297,2869400
2020-02-21,215.24000549316406,216.3699951171875,214.3000030517578,215.8699951171875,192.27267456054688,2791200
2020-02-24,210.5800018310547,215.17999267578125,210.11000061035156,213.52000427246094,190.1795654296875,4218800
2020-02-25,214.5800018310547,216.8300018310547,211.14999389648438,212.10000610351562,188.91476440429688,5053700
2020-02-26,212.88999938964844,214.55999755859375,209.75,210.10000610351562,187.1333770751953,4190800
2020-02-27,207.6999969482422,210.0,200.92999267578125,201.0,179.0281524658203,6406200
2020-02-28,196.0,198.44000244140625,188.80999755859375,194.1699981689453,174.02699279785156,11324000
2020-03-02,193.80999755859375,202.5500030517578,193.17999267578125,202.5500030517578,181.53770446777344,6154200
2020-03-03,202.0,205.6699981689453,197.16000366210938,199.50999450683594,178.81304931640625,5115200
2020-03-04,201.92999267578125,207.16000366210938,200.89999389648438,207.02000427246094,185.5439453125,4260400
2020-03-05,202.63999938964844,203.91000366210938,196.3300018310547,198.32000732421875,177.7465057373047,4107200
2020-03-06,192.89999389648438,199.5800018310547,191.2100067138672,198.86000061035156,178.23046875,6360100
2020-03-09,187.6699981689453,194.47000122070312,184.10000610351562,186.86000061035156,167.47531127929688,7788500
2020-03-10,190.9499969482422,200.0,187.88999938964844,199.86000061035156,179.1267547607422,5835200
2020-03-11,192.94000244140625,195.74000549316406,185.8300018310547,188.25,168.72116088867188,5625100
2020-03-12,174.77999877929688,179.83999633789062,169.3800048828125,170.1300048828125,152.48089599609375,9079300
2020-03-13,178.25999450683594,179.47000122070312,168.1999969482422,177.1300048828125,158.7546844482422,8042600
2020-03-16,157.10000610351562,161.9199981689453,147.6300048828125,149.00999450683594,133.55186462402344,9341300
2020-03-17,148.02000427246094,149.47999572753906,135.0,147.6199951171875,132.30606079101562,13708200
2020-03-18,137.5,141.7100067138672,124.2300033569336,137.3000030517578,123.05663299560547,12627600
2020-03-19,135.1999969482422,154.83999633789062,128.2100067138672,149.5,133.9910125732422,12773400
2020-03-20,153.58999633789062,161.5399932861328,147.77000427246094,148.49000549316406,133.08583068847656,12000000
2020-03-23,142.9499969482422,153.2100067138672,136.5,137.10000610351562,122.87740325927734,10660400
2020-03-24,149.0,162.97999572753906,146.10000610351562,161.9499969482422,145.1494598388672,11678400
2020-03-25,165.0,171.36000061035156,159.22000122070312,162.97999572753906,146.0726318359375,9708700
2020-03-26,163.99000549316406,170.92999267578125,161.0,167.35000610351562,149.98928833007812,8259900
2020-03-27,162.77999877929688,169.74000549316406,159.22000122070312,164.00999450683594,146.99575805664062,6441400
2020-03-30,164.9199981689453,170.30999755859375,163.57000732421875,168.1300048828125,150.68836975097656,5621700
2020-03-31,166.83999633789062,169.50999450683594,165.0,165.35000610351562,148.19676208496094,4519900
2020-04-01,160.22000122070312,161.44000244140625,156.35000610351562,158.1699981689453,141.76162719726562,4668900
2020-04-02,155.0,161.9499969482422,155.0,161.5,144.7461395263672,4803200
2020-04-03,160.30999755859375,162.22999572753906,156.14999389648438,160.3300018310547,143.69754028320312,5050400
2020-04-06,169.1999969482422,177.8699951171875,168.24000549316406,177.0399932861328,158.67404174804688,8330900
2020-04-07,184.52999877929688,185.19000244140625,175.16000366210938,175.58999633789062,157.3744659423828,7848300
2020-04-08,175.00999450683594,179.4199981689453,174.10000610351562,177.49000549316406,159.077392578125,5665700
2020-04-09,180.72999572753906,185.4600067138672,179.6199951171875,183.6999969482422,164.64315795898438,4901300
2020-04-13,182.67999267578125,182.85000610351562,176.91000366210938,180.1199951171875,161.4345245361328,3182500
2020-04-14,183.75,184.49000549316406,181.83999633789062,183.99000549316406,164.903076171875,3863800
2020-04-15,178.74000549316406,180.97000122070312,177.27000427246094,177.83999633789062,159.3910369873047,4961500
2020-04-16,177.0,179.91000366210938,172.27000427246094,179.5,160.8788604736328,7120800
2020-04-17,182.32000732421875,186.80999755859375,180.22999572753906,186.10000610351562,166.794189453125,6467600
2020-04-20,184.4499969482422,185.77999877929688,181.5500030517578,181.64999389648438,162.80581665039062,3856500
2020-04-21,177.3699951171875,179.38999938964844,176.10000610351562,177.5800018310547,159.1580352783203,4758300
2020-04-22,180.75,187.72999572753906,180.75,186.47999572753906,167.1347198486328,4243600
2020-04-23,186.16000366210938,187.3300018310547,181.32000732421875,182.0399932861328,163.15536499023438,5050100
2020-04-24,183.25999450683594,184.35000610351562,180.86000061035156,184.02000427246094,164.92996215820312,3319600
2020-04-27,185.14999389648438,188.3699951171875,184.77000427246094,185.88999938964844,166.60594177246094,4048200
2020-04-28,190.0,190.0,185.57000732421875,185.92999267578125,166.6417999267578,3805000
2020-04-29,188.52999877929688,190.41000366210938,186.8800048828125,187.82000732421875,168.33575439453125,3465200
2020-04-30,182.0,188.30999755859375,180.75999450683594,187.55999755859375,168.10272216796875,7127200
2020-05-01,184.0,185.5399932861328,182.14999389648438,182.66000366210938,163.71107482910156,3764800
2020-05-04,181.30999755859375,182.4600067138672,178.8699951171875,181.8699951171875,163.00299072265625,4027100
2020-05-05,183.52999877929688,183.86000061035156,179.11000061035156,179.24000549316406,160.64585876464844,3828400
2020-05-06,180.60000610351562,181.1199951171875,176.86000061035156,176.97000122070312,158.6112823486328,3916900
2020-05-07,179.5,181.55999755859375,178.3000030517578,181.1199951171875,162.33079528808594,3039600
2020-05-08,183.1999969482422,183.42999267578125,179.91000366210938,181.22999572753906,162.4293670654297,3411600
2020-05-11,179.3699951171875,182.8800048828125,178.52000427246094,180.8800048828125,162.11572265625,2631300
2020-05-12,181.97000122070312,182.58999633789062,176.44000244140625,176.5399932861328,158.2259063720703,3610600
2020-05-13,176.17999267578125,176.57000732421875,171.00999450683594,172.82000732421875,154.89183044433594,4729100
2020-05-14,170.1999969482422,175.66000366210938,167.85000610351562,175.41000366210938,157.21311950683594,4868400
2020-05-15,173.0500030517578,174.7100067138672,171.67999267578125,173.80999755859375,155.7790985107422,6879600
2020-05-18,180.05999755859375,181.14999389648438,178.11000061035156,179.8300018310547,161.1746368408203,4653000
2020-05-19,180.1199951171875,181.4600067138672,178.07000732421875,179.57000732421875,160.9416046142578,3365000
2020-05-20,182.0,184.60000610351562,180.57000732421875,184.10000610351562,165.0016632080078,4920800
2020-05-21,184.17999267578125,185.47999572753906,182.11000061035156,185.0800018310547,165.87998962402344,2913600
2020-05-22,184.47999572753906,185.35000610351562,183.17999267578125,184.41000366210938,165.2794952392578,2475200
2020-05-26,189.58999633789062,190.66000366210938,184.24000549316406,184.83999633789062,165.66485595703125,3990900
2020-05-27,188.74000549316406,188.75,185.27000427246094,187.72000122070312,168.2461700439453,3993400
2020-05-28,189.4199981689453,190.47999572753906,186.72000122070312,188.72999572753906,169.15135192871094,3567600
2020-05-29,187.42999267578125,188.6999969482422,185.7100067138672,186.32000732421875,168.1047821044922,5717200
2020-06-01,186.7100067138672,187.83999633789062,185.60000610351562,187.41000366210938,169.0882110595703,2168200
2020-06-02,188.39999389648438,188.55999755859375,186.08999633789062,187.58999633789062,169.25059509277344,3125500
2020-06-03,188.47000122070312,193.80999755859375,188.08999633789062,193.2899932861328,174.39332580566406,3881500
2020-06-04,192.32000732421875,194.25999450683594,191.6199951171875,193.24000549316406,174.34825134277344,3469100
2020-06-05,198.0,200.14999389648438,196.27000427246094,197.16000366210938,177.88497924804688,4728300
2020-06-08,195.67999267578125,202.72999572753906,195.63999938964844,202.64999389648438,182.83827209472656,4443900
2020-06-09,200.3699951171875,201.57000732421875,199.00999450683594,199.52000427246094,180.0142822265625,3728600
2020-06-10,199.1300048828125,199.55999755859375,195.6699981689453,195.8000030517578,176.65794372558594,3459900
2020-06-11,190.89999389648438,192.91000366210938,186.3300018310547,187.50999450683594,169.17840576171875,5796000
2020-06-12,191.6699981689453,191.6699981689453,185.4499969482422,189.1699981689453,170.67611694335938,4108600
2020-06-15,184.60000610351562,190.1199951171875,184.13999938964844,189.49000549316406,170.96481323242188,4499000
2020-06-16,192.0,193.5,187.50999450683594,190.32000732421875,171.71372985839844,5434800
2020-06-17,191.9199981689453,192.8800048828125,190.4199981689453,190.7899932861328,172.1377410888672,3154100
2020-06-18,190.00999450683594,190.74000549316406,187.88999938964844,189.49000549316406,170.96481323242188,3153300
2020-06-19,192.2899932861328,192.36000061035156,186.52999877929688,186.55999755859375,168.32131958007812,6267700
2020-06-22,186.0,187.77000427246094,184.88999938964844,187.4600067138672,169.13331604003906,3223200
2020-06-23,189.5500030517578,189.72999572753906,186.32000732421875,186.6199951171875,168.3754119873047,2951900
2020-06-24,184.9600067138672,185.7100067138672,181.33999633789062,184.2899932861328,166.27322387695312,4146600
2020-06-25,183.50999450683594,184.0800018310547,180.3300018310547,182.75999450683594,164.8927764892578,3145200
2020-06-26,182.3699951171875,182.80999755859375,178.8800048828125,179.74000549316406,162.16806030273438,5107400
2020-06-29,180.57000732421875,182.8300018310547,179.1699981689453,182.8000030517578,164.92889404296875,2622200
2020-06-30,182.9199981689453,185.1999969482422,181.88999938964844,184.47000122070312,166.4355926513672,3163100
2020-07-01,184.9499969482422,186.44000244140625,183.72000122070312,184.66000366210938,166.6070098876953,2193800
2020-07-02,187.0,187.0,182.86000061035156,183.52000427246094,165.57850646972656,2690200
2020-07-06,186.0,188.72000122070312,184.13999938964844,188.5,170.07162475585938,3171500
2020-07-07,187.3699951171875,187.85000610351562,185.25,185.82000732421875,167.65365600585938,2399600
2020-07-08,185.5,187.22999572753906,184.75,185.85000610351562,167.68072509765625,2776400
2020-07-09,186.22000122070312,186.58999633789062,182.6199951171875,184.3300018310547,166.30929565429688,2333500
2020-07-10,183.77999877929688,185.44000244140625,183.00999450683594,184.8800048828125,166.80551147460938,2714100
2020-07-13,185.60000610351562,188.9499969482422,184.7100067138672,184.9199981689453,166.84161376953125,3221600
2020-07-14,185.08999633789062,190.83999633789062,184.72999572753906,190.72000122070312,172.07456970214844,4138600
2020-07-15,193.89999389648438,194.0,189.8800048828125,191.77000427246094,173.02194213867188,3735400
2020-07-16,191.1199951171875,192.75999450683594,190.14999389648438,190.9199981689453,172.25503540039062,2111100
2020-07-17,191.33999633789062,191.89999389648438,190.1300048828125,191.47999572753906,172.7602996826172,1972600
2020-07-20,190.89999389648438,192.77000427246094,190.3699951171875,191.61000061035156,172.8775634765625,2157100
2020-07-21,192.3300018310547,194.89999389648438,192.0,192.97999572753906,174.11363220214844,3505400
2020-07-22,193.2100067138672,199.64999389648438,193.0500030517578,198.6199951171875,179.2022705078125,3484400
2020-07-23,198.4600067138672,199.27000427246094,196.00999450683594,197.5500030517578,178.23690795898438,2702200
2020-07-24,196.88999938964844,198.91000366210938,195.72999572753906,198.72000122070312,179.29246520996094,2199900
2020-07-27,199.0399932861328,202.52000427246094,198.7100067138672,201.25,181.57516479492188,4541700
2020-07-28,198.60000610351562,199.88999938964844,195.5,196.24000549316406,177.05496215820312,6051000
2020-07-29,196.3000030517578,198.4600067138672,195.7100067138672,196.2100067138672,177.02786254882812,3342900
2020-07-30,195.0,196.39999389648438,192.9199981689453,195.41000366210938,176.3060760498047,2705700
2020-07-31,194.14999389648438,194.67999267578125,191.63999938964844,194.27999877929688,175.2865753173828,3194700
2020-08-03,194.3300018310547,195.60000610351562,193.58999633789062,194.39999389648438,175.39480590820312,3143500
2020-08-04,194.9499969482422,199.6999969482422,194.33999633789062,199.36000061035156,179.8699188232422,3699900
2020-08-05,200.0,200.5,197.91000366210938,199.25999450683594,179.77967834472656,2259600
2020-08-06,198.77999877929688,203.60000610351562,198.3699951171875,203.17999267578125,183.31646728515625,3158900
2020-08-07,203.36000061035156,205.16000366210938,203.2899932861328,204.60000610351562,184.59764099121094,2980000
2020-08-10,204.35000610351562,205.16000366210938,202.5399932861328,204.1199951171875,184.16456604003906,2783600
2020-08-11,205.0,207.4199981689453,204.25,205.0,184.95852661132812,2478400
2020-08-12,206.86000061035156,207.39999389648438,205.3800048828125,206.02000427246094,185.87879943847656,2167100
2020-08-13,205.9600067138672,207.25,205.35000610351562,206.49000549316406,186.3028564453125,1795000
2020-08-14,205.9499969482422,207.3300018310547,205.1999969482422,207.02999877929688,186.7900848388672,2060200
2020-08-17,206.94000244140625,209.5,206.85000610351562,208.6699981689453,188.2697296142578,2619000
2020-08-18,209.25999450683594,210.42999267578125,207.22999572753906,210.32000732421875,189.75845336914062,2921500
2020-08-19,210.22000122070312,211.1699981689453,208.63999938964844,209.50999450683594,189.02761840820312,2711100
2020-08-20,208.1199951171875,210.99000549316406,208.10000610351562,209.8800048828125,189.36143493652344,2084900
2020-08-21,209.9600067138672,212.19000244140625,209.25999450683594,211.57000732421875,190.88621520996094,3484800
2020-08-24,212.25999450683594,213.5,210.92999267578125,212.6199951171875,191.83360290527344,2463900
2020-08-25,213.9600067138672,214.19000244140625,212.22000122070312,212.64999389648438,191.86061096191406,2302400
2020-08-26,212.08999633789062,214.4199981689453,211.60000610351562,213.75999450683594,192.86212158203125,2316700
2020-08-27,214.33999633789062,216.10000610351562,212.10000610351562,212.19000244140625,191.44564819335938,3226800
2020-08-28,212.82000732421875,216.7100067138672,211.77000427246094,214.91000366210938,193.89971923828125,3212500
2020-08-31,213.52000427246094,214.99000549316406,212.80999755859375,213.52000427246094,193.77264404296875,2900900
2020-09-01,210.83999633789062,213.61000061035156,210.5800018310547,212.69000244140625,193.0194091796875,2926700
2020-09-02,213.25,217.1300048828125,212.69000244140625,216.22999572753906,196.23202514648438,4092000
2020-09-03,218.11000061035156,218.11000061035156,211.89999389648438,213.8000030517578,194.02674865722656,3126700
2020-09-04,215.2899932861328,217.77999877929688,210.75999450683594,211.72999572753906,192.14816284179688,3828600
2020-09-08,211.17999267578125,216.3000030517578,211.05999755859375,213.5800018310547,193.8271026611328,4107600
2020-09-09,215.0,218.1699981689453,214.44000244140625,215.7100067138672,195.76014709472656,3213200
2020-09-10,215.72000122070312,219.47999572753906,215.72000122070312,217.24000549316406,197.1486053466797,3325600
2020-09-11,217.69000244140625,219.17999267578125,216.27999877929688,218.0,197.8383026123047,3616500
2020-09-14,219.72000122070312,222.58999633789062,219.33999633789062,220.55999755859375,200.16156005859375,2543800
2020-09-15,221.75999450683594,223.63999938964844,221.39999389648438,222.3699951171875,201.8041534423828,2640700
2020-09-16,222.1699981689453,226.72000122070312,221.3000030517578,224.80999755859375,204.01849365234375,3463700
2020-09-17,223.6999969482422,223.72999572753906,220.5,222.5800018310547,201.9947052001953,3376600
2020-09-18,221.6199951171875,223.57000732421875,220.1300048828125,220.27000427246094,199.8983612060547,3861400
2020-09-21,217.13999938964844,218.0500030517578,213.39999389648438,216.41000366210938,196.39540100097656,2831800
2020-09-22,216.42999267578125,216.9600067138672,214.5500030517578,216.41000366210938,196.39540100097656,2475600
2020-09-23,217.6699981689453,219.69000244140625,214.24000549316406,214.97000122070312,195.08856201171875,2777700
2020-09-24,214.75,218.41000366210938,213.58999633789062,216.1199951171875,196.13217163085938,1727000
2020-09-25,215.3000030517578,219.25,213.64999389648438,218.17999267578125,198.0016326904297,2196800
2020-09-28,220.0,221.97999572753906,219.02000427246094,220.25999450683594,199.8892822265625,2111700
2020-09-29,220.4199981689453,220.9600067138672,218.47999572753906,218.67999267578125,198.45542907714844,1731700
2020-09-30,218.8699951171875,222.1999969482422,218.41000366210938,219.49000549316406,199.19052124023438,3034100
2020-10-01,221.58999633789062,223.0,217.7899932861328,219.58999633789062,199.2812957763672,2443000
2020-10-02,217.50999450683594,223.35000610351562,217.10000610351562,222.6699981689453,202.07644653320312,3833100
2020-10-05,224.86000061035156,226.5,224.00999450683594,226.07000732421875,205.1619873046875,2913800
2020-10-06,226.8300018310547,228.66000366210938,223.60000610351562,224.08999633789062,203.36509704589844,2453600
2020-10-07,225.5800018310547,228.41000366210938,225.1300048828125,226.47999572753906,205.53402709960938,1972500
2020-10-08,226.08999633789062,227.0800018310547,224.2899932861328,225.8000030517578,204.9169158935547,3195800
2020-10-09,226.94000244140625,227.22000122070312,223.1199951171875,224.8300018310547,204.03665161132812,3237700
2020-10-12,224.80999755859375,226.50999450683594,223.1199951171875,226.11000061035156,205.19827270507812,2412400
2020-10-13,225.6999969482422,228.5800018310547,224.92999267578125,227.35000610351562,206.32359313964844,2098900
2020-10-14,228.41000366210938,229.47999572753906,227.35000610351562,227.6199951171875,206.56861877441406,1862600
2020-10-15,226.14999389648438,230.0,225.58999633789062,229.63999938964844,208.40179443359375,2177300
2020-10-16,229.77000427246094,231.91000366210938,229.14999389648438,229.3699951171875,208.15675354003906,2162800
2020-10-19,229.5500030517578,231.02000427246094,225.1699981689453,226.0,205.0984344482422,2009500
2020-10-20,226.74000549316406,230.0,226.42999267578125,227.4499969482422,206.414306640625,1883200
2020-10-21,227.22999572753906,229.49000549316406,227.2100067138672,228.19000244140625,207.08590698242188,1518200
2020-10-22,227.75999450683594,229.39999389648438,226.8800048828125,229.14999389648438,207.9571075439453,1961300
2020-10-23,230.41000366210938,230.41000366210938,227.8000030517578,228.7100067138672,207.55783081054688,2278100
2020-10-26,226.77999877929688,227.25,220.97000122070312,224.27000427246094,203.5284423828125,2537800
2020-10-27,224.47000122070312,225.22999572753906,222.72000122070312,222.97000122070312,202.34869384765625,1801900
2020-10-28,218.38999938964844,220.58999633789062,214.4600067138672,214.69000244140625,194.83445739746094,3272900
2020-10-29,214.69000244140625,217.64999389648438,213.07000732421875,214.9499969482422,195.07040405273438,2477600
2020-10-30,213.60000610351562,215.22000122070312,209.91000366210938,213.0,193.30076599121094,3450900
2020-11-02,215.8800048828125,216.32000732421875,210.7899932861328,212.55999755859375,192.9014129638672,2983200
2020-11-03,215.58999633789062,218.10000610351562,213.9499969482422,216.8000030517578,196.7493133544922,2615000
2020-11-04,215.0,219.47000122070312,213.3000030517578,214.8699951171875,194.99777221679688,3360800
2020-11-05,216.07000732421875,218.1999969482422,214.67999267578125,216.30999755859375,196.3046112060547,3622000
2020-11-06,216.0,217.88999938964844,214.25,216.55999755859375,196.531494140625,3916100
2020-11-09,226.7899932861328,227.85000610351562,207.1699981689453,213.22000122070312,193.50038146972656,7981200
2020-11-10,215.75,215.99000549316406,211.33999633789062,213.32000732421875,193.5911407470703,4255600
2020-11-11,214.80999755859375,219.25,214.3000030517578,218.02000427246094,197.85647583007812,4126900
2020-11-12,217.55999755859375,217.82000732421875,210.8800048828125,213.07000732421875,193.36428833007812,4253200
2020-11-13,213.75999450683594,214.38999938964844,212.33999633789062,213.27999877929688,193.55482482910156,3072100
2020-11-16,215.5,216.75,213.6300048828125,216.72999572753906,196.68577575683594,3702100
2020-11-17,215.60000610351562,217.38999938964844,214.02000427246094,216.00999450683594,196.0323486328125,2443100
2020-11-18,216.10000610351562,217.83999633789062,215.41000366210938,215.52000427246094,195.5876922607422,3095200
2020-11-19,214.83999633789062,215.47999572753906,213.3300018310547,215.11000061035156,195.2156219482422,2840500
2020-11-20,214.38999938964844,215.22000122070312,213.6300048828125,214.08999633789062,194.28993225097656,3932600
2020-11-23,215.13999938964844,217.60000610351562,214.64999389648438,217.0,196.93081665039062,3010300
2020-11-24,219.00999450683594,221.25,218.25,219.7100067138672,199.39013671875,3870900
2020-11-25,219.97999572753906,220.58999633789062,217.9199981689453,219.33999633789062,199.0543975830078,1889200
2020-11-27,219.02000427246094,220.39999389648438,217.66000366210938,218.3300018310547,198.1378173828125,1394400
2020-11-30,216.4600067138672,217.57000732421875,214.42999267578125,217.44000244140625,198.50296020507812,3413600
2020-12-01,218.8800048828125,218.92999267578125,215.52999877929688,216.13999938964844,197.31617736816406,4224800
2020-12-02,214.0,214.39999389648438,209.1300048828125,210.86000061035156,192.4960174560547,6223700
2020-12-03,210.94000244140625,213.22999572753906,210.55999755859375,211.50999450683594,193.0894012451172,3732500
2020-12-04,211.60000610351562,213.3800048828125,210.10000610351562,210.74000549316406,192.3865203857422,3151100
2020-12-07,208.52999877929688,209.11000061035156,206.19000244140625,208.88999938964844,190.69757080078125,3826000
2020-12-08,206.5500030517578,209.10000610351562,206.41000366210938,208.38999938964844,190.24114990234375,2709400
2020-12-09,209.49000549316406,209.52999877929688,207.3300018310547,208.69000244140625,190.5150146484375,3010900
2020-12-10,208.5,208.75999450683594,207.07000732421875,208.0399932861328,189.92160034179688,2956400
2020-12-11,207.47000122070312,208.94000244140625,206.72999572753906,207.75999450683594,189.66600036621094,2770800
2020-12-14,210.72999572753906,214.74000549316406,210.2100067138672,211.9199981689453,193.4636688232422,4745000
2020-12-15,213.22000122070312,216.2100067138672,212.74000549316406,214.86000061035156,196.1476593017578,3798200
2020-12-16,214.8800048828125,217.50999450683594,213.66000366210938,213.8000030517578,195.1799774169922,2682000
2020-12-17,215.38999938964844,215.7899932861328,213.52999877929688,214.25,195.5907745361328,2558800
2020-12-18,215.14999389648438,216.85000610351562,213.82000732421875,215.0800018310547,196.34849548339844,7929100
2020-12-21,210.6199951171875,212.5500030517578,208.00999450683594,211.6699981689453,193.23545837402344,4342500
2020-12-22,211.1999969482422,212.91000366210938,210.3699951171875,211.9199981689453,193.4636688232422,2772800
2020-12-23,212.3000030517578,213.42999267578125,211.7899932861328,212.02000427246094,193.5550079345703,1658800
2020-12-24,212.1199951171875,212.74000549316406,211.13999938964844,211.38999938964844,192.9798583984375,1047700
2020-12-28,212.99000549316406,214.8800048828125,212.19000244140625,214.02000427246094,195.38082885742188,2550100
2020-12-29,214.63999938964844,215.77999877929688,212.4499969482422,212.7100067138672,194.18490600585938,1665700
2020-12-30,212.9600067138672,213.36000061035156,211.27999877929688,211.55999755859375,193.1350555419922,1855000
2020-12-31,211.25,214.92999267578125,210.77999877929688,214.5800018310547,195.8920440673828,2610900
2021-01-04,214.49000549316406,214.72000122070312,208.22000122070312,210.22000122070312,191.9117889404297,4055400
2021-01-05,210.17999267578125,211.9499969482422,209.6199951171875,211.47999572753906,193.06204223632812,2576100
2021-01-06,211.3000030517578,211.7100067138672,209.02999877929688,211.0,192.62384033203125,3083400
2021-01-07,213.22000122070312,213.22000122070312,210.55999755859375,211.97999572753906,193.5184783935547,3142000
2021-01-08,212.89999389648438,216.1199951171875,212.22999572753906,215.8699951171875,197.06968688964844,2639100
2021-01-11,215.08999633789062,216.1199951171875,213.1199951171875,214.22999572753906,195.572509765625,2545400
2021-01-12,213.69000244140625,214.3300018310547,210.94000244140625,211.60000610351562,193.1715545654297,2952000
2021-01-13,210.91000366210938,213.1300048828125,210.89999389648438,212.08999633789062,193.61888122558594,2069800
2021-01-14,212.10000610351562,212.6699981689453,208.0,208.5,190.341552734375,3666700
2021-01-15,207.97000122070312,210.6999969482422,207.4199981689453,209.91000366210938,191.62879943847656,3593700
2021-01-19,210.67999267578125,211.0,207.8800048828125,209.08999633789062,190.88014221191406,3331600
2021-01-20,210.14999389648438,214.41000366210938,209.6300048828125,213.6300048828125,195.02479553222656,4077700
2021-01-21,214.05999755859375,215.9600067138672,213.32000732421875,213.52999877929688,194.93348693847656,2674900
2021-01-22,212.50999450683594,214.13999938964844,211.1699981689453,213.3800048828125,194.7965545654297,2196400
2021-01-25,212.22000122070312,214.0500030517578,210.55999755859375,213.33999633789062,194.76002502441406,2615300
2021-01-26,212.50999450683594,215.50999450683594,212.1699981689453,215.3800048828125,196.6223602294922,2907800
2021-01-27,212.38999938964844,213.14999389648438,207.0,207.0,188.97218322753906,5464000
2021-01-28,208.6300048828125,210.36000061035156,205.1300048828125,206.82000732421875,188.80787658691406,5401600
2021-01-29,205.11000061035156,209.39999389648438,203.11000061035156,207.83999633789062,189.73902893066406,5203300
2021-02-01,208.47999572753906,209.69000244140625,206.60000610351562,207.92999267578125,189.82115173339844,2812500
2021-02-02,208.08999633789062,212.6300048828125,207.64999389648438,209.75999450683594,191.49179077148438,2786000
2021-02-03,208.35000610351562,209.99000549316406,207.92999267578125,208.7100067138672,190.5332794189453,3020700
2021-02-04,210.0,212.11000061035156,208.6699981689453,211.02999877929688,192.6511993408203,2777500
2021-02-05,212.58999633789062,214.17999267578125,212.00999450683594,212.5800018310547,194.06622314453125,2600200
2021-02-08,212.52999877929688,212.99000549316406,209.9600067138672,211.5800018310547,193.15335083007812,2696200
2021-02-09,212.07000732421875,216.17999267578125,211.77000427246094,215.97999572753906,197.17010498046875,3047300
2021-02-10,216.8800048828125,217.30999755859375,213.80999755859375,214.39999389648438,195.7277069091797,3161600
2021-02-11,214.5399932861328,214.8000030517578,212.39999389648438,214.27000427246094,195.60903930664062,2583600
2021-02-12,214.0,214.6999969482422,212.99000549316406,213.89999389648438,195.2712860107422,2781200
2021-02-16,214.3699951171875,216.94000244140625,213.8300018310547,215.02999877929688,196.30282592773438,2892900
2021-02-17,213.9600067138672,214.88999938964844,212.6300048828125,213.4499969482422,194.86045837402344,3280000
2021-02-18,213.2899932861328,215.86000061035156,212.64999389648438,215.42999267578125,196.66799926757812,2191000
2021-02-19,215.2899932861328,215.72999572753906,211.97000122070312,212.24000549316406,193.75584411621094,3181600
2021-02-22,211.5,213.0,209.69000244140625,212.05999755859375,193.59152221679688,2910800
2021-02-23,214.5,215.6999969482422,210.42999267578125,211.32000732421875,192.9159698486328,3243000
2021-02-24,210.83999633789062,214.10000610351562,210.4199981689453,213.27000427246094,194.6961212158203,2887100
2021-02-25,212.6999969482422,212.9199981689453,209.74000549316406,210.9499969482422,192.5782012939453,3131400
2021-02-26,210.75,211.63999938964844,206.13999938964844,206.13999938964844,189.34495544433594,5334000
2021-03-01,207.35000610351562,210.3800048828125,207.35000610351562,208.25,191.28305053710938,2827500
2021-03-02,208.0,209.89999389648438,206.19000244140625,208.6699981689453,191.66885375976562,3016600
2021-03-03,207.52000427246094,208.99000549316406,205.61000061035156,205.82000732421875,189.05105590820312,3488600
2021-03-04,206.16000366210938,207.49000549316406,202.72999572753906,204.83999633789062,188.15086364746094,3926200
2021-03-05,205.75,208.22999572753906,202.9600067138672,207.3699951171875,190.47474670410156,3608100
2021-03-08,207.6999969482422,210.58999633789062,207.13999938964844,209.11000061035156,192.072998046875,3157100
2021-03-09,210.6300048828125,211.1999969482422,208.27999877929688,208.5500030517578,191.55862426757812,3646700
2021-03-10,208.72000122070312,213.6300048828125,208.24000549316406,213.30999755859375,195.9307861328125,3447200
2021-03-11,214.6999969482422,215.22999572753906,211.49000549316406,211.57000732421875,194.3325653076172,3618000
2021-03-12,212.0399932861328,214.24000549316406,211.4199981689453,212.33999633789062,195.03981018066406,2818200
2021-03-15,213.64999389648438,220.5500030517578,213.5,220.4600067138672,202.4982452392578,5479700
2021-03-16,219.5800018310547,221.3000030517578,217.16000366210938,219.86000061035156,201.9470977783203,3583400
2021-03-17,224.55999755859375,224.89999389648438,220.00999450683594,224.11000061035156,205.85089111328125,5240600
2021-03-18,223.67999267578125,225.35000610351562,221.41000366210938,222.89999389648438,204.73947143554688,3254600
2021-03-19,222.75999450683594,225.17999267578125,221.0,222.44000244140625,204.31692504882812,7719400
2021-03-22,223.38999938964844,226.91000366210938,222.64999389648438,225.07000732421875,206.732666015625,4220700
2021-03-23,223.9600067138672,226.39999389648438,223.75,224.3699951171875,206.08969116210938,2794000
2021-03-24,225.32000732421875,227.02000427246094,224.0399932861328,224.0500030517578,205.7957763671875,2442500
2021-03-25,225.14999389648438,225.32000732421875,222.44000244140625,224.1999969482422,205.9335174560547,3249600
2021-03-26,224.1999969482422,225.27999877929688,222.4199981689453,225.2100067138672,206.8612823486328,3263100
2021-03-29,224.8300018310547,227.8800048828125,224.3000030517578,227.35000610351562,208.82691955566406,3621300
2021-03-30,226.1300048828125,227.02000427246094,224.22000122070312,224.97999572753906,206.64996337890625,2419000
2021-03-31,224.00999450683594,226.49000549316406,224.0,224.13999938964844,205.87841796875,3564100
2021-04-01,224.6699981689453,226.22000122070312,223.27999877929688,225.2100067138672,206.8612823486328,2441200
2021-04-05,226.60000610351562,229.5,226.19000244140625,228.85000610351562,210.20472717285156,2866300
2021-04-06,229.7100067138672,232.27000427246094,228.72000122070312,231.91000366210938,213.01536560058594,3230900
2021-04-07,231.67999267578125,232.80999755859375,231.24000549316406,232.61000061035156,213.65835571289062,2551300
2021-04-08,232.61000061035156,232.8000030517578,229.1999969482422,230.25,211.49063110351562,2772200
2021-04-09,230.19000244140625,231.61000061035156,228.8699951171875,231.47999572753906,212.62042236328125,2728900
2021-04-12,231.47999572753906,232.3800048828125,230.49000549316406,230.9600067138672,212.14280700683594,2292700
2021-04-13,230.44000244140625,231.66000366210938,229.69000244140625,231.32000732421875,212.4734649658203,2570900
2021-04-14,231.22000122070312,231.2899932861328,229.58999633789062,230.30999755859375,211.54574584960938,2129200
2021-04-15,229.80999755859375,231.36000061035156,229.1999969482422,231.27999877929688,212.43670654296875,2063000
2021-04-16,233.64999389648438,234.25999450683594,232.30999755859375,233.0800018310547,214.0900421142578,2694300
2021-04-19,233.1199951171875,233.3000030517578,230.8300018310547,231.80999755859375,212.92352294921875,2254800
2021-04-20,231.24000549316406,233.2100067138672,231.0800018310547,233.00999450683594,214.02574157714844,1885700
2021-04-21,233.3000030517578,233.86000061035156,231.85000610351562,232.25999450683594,213.3368682861328,2065500
2021-04-22,232.8300018310547,234.0399932861328,231.94000244140625,232.9600067138672,213.97988891601562,1839500
2021-04-23,233.7899932861328,235.24000549316406,233.10000610351562,234.5800018310547,215.4678497314453,2137500
2021-04-26,234.77999877929688,235.35000610351562,231.91000366210938,232.30999755859375,213.38278198242188,2490100
2021-04-27,232.57000732421875,235.6300048828125,232.41000366210938,234.97999572753906,215.83526611328125,2623800
2021-04-28,235.1999969482422,235.4499969482422,232.25999450683594,232.41000366210938,213.47462463378906,2777000
2021-04-29,233.99000549316406,235.8000030517578,232.6199951171875,235.2100067138672,216.04652404785156,3146700
2021-04-30,234.0,236.2899932861328,233.8699951171875,236.0800018310547,216.8456573486328,2640400
2021-05-03,237.99000549316406,238.17999267578125,235.3800048828125,235.55999755859375,216.36802673339844,2458000
2021-05-04,234.6300048828125,236.1300048828125,233.24000549316406,233.86000061035156,214.80650329589844,2529700
2021-05-05,234.1199951171875,235.35000610351562,231.55999755859375,235.0399932861328,215.890380859375,2070000
2021-05-06,235.5399932861328,235.64999389648438,233.1699981689453,234.86000061035156,215.72503662109375,1832600
2021-05-07,235.0,235.72000122070312,233.99000549316406,234.83999633789062,215.70669555664062,1406800
2021-05-10,235.10000610351562,237.9199981689453,235.10000610351562,237.11000061035156,217.79171752929688,2031500
2021-05-11,237.74000549316406,237.8000030517578,232.1999969482422,233.86000061035156,214.80650329589844,3028500
2021-05-12,232.11000061035156,233.57000732421875,227.57000732421875,227.94000244140625,209.3688507080078,3198200
2021-05-13,228.0,231.0800018310547,227.8800048828125,229.77000427246094,211.0497589111328,2819200
2021-05-14,230.7100067138672,232.63999938964844,230.47000122070312,231.72000122070312,212.8408966064453,1943100
2021-05-17,230.80999755859375,232.3000030517578,230.25,231.67999267578125,212.8041229248047,1630900
2021-05-18,231.88999938964844,233.25,231.64999389648438,231.92999267578125,213.0337371826172,2913000
2021-05-19,230.22999572753906,230.6199951171875,228.17999267578125,230.14999389648438,211.39878845214844,2967000
2021-05-20,230.72000122070312,234.02000427246094,230.55999755859375,232.17999267578125,213.26341247558594,1890200
2021-05-21,232.4199981689453,233.39999389648438,230.30999755859375,231.24000549316406,212.39999389648438,2601100
2021-05-24,231.52000427246094,232.64999389648438,231.02000427246094,231.91000366210938,213.01536560058594,1823300
2021-05-25,232.1699981689453,232.77000427246094,230.7100067138672,232.13999938964844,213.22662353515625,2681900
2021-05-26,233.7899932861328,233.7899932861328,232.16000366210938,232.35000610351562,213.4195556640625,1564200
2021-05-27,233.00999450683594,235.0800018310547,232.39999389648438,234.86000061035156,215.72503662109375,5242900
2021-05-28,234.1300048828125,234.41000366210938,232.4499969482422,233.88999938964844,216.02059936523438,2853600
2021-06-01,235.97999572753906,235.99000549316406,232.74000549316406,233.24000549316406,215.42027282714844,2574300
2021-06-02,233.97000122070312,234.3300018310547,232.80999755859375,233.77999877929688,215.9189910888672,3172000
2021-06-03,232.57000732421875,232.75999450683594,230.14999389648438,232.4499969482422,214.6906280517578,3249400
2021-06-04,233.44000244140625,233.8000030517578,232.07000732421875,233.3800048828125,215.54954528808594,1615200
2021-06-07,234.0,234.07000732421875,231.16000366210938,231.69000244140625,213.9886474609375,1877000
2021-06-08,231.5,233.97999572753906,231.33999633789062,232.63999938964844,214.8660888671875,2106200
2021-06-09,232.97999572753906,234.32000732421875,231.4499969482422,231.47000122070312,213.78549194335938,1982200
2021-06-10,232.0500030517578,234.89999389648438,231.92999267578125,234.58999633789062,216.6671142578125,2534000
2021-06-11,235.0,237.5,234.7100067138672,236.92999267578125,218.8283233642578,2654300
2021-06-14,237.17999267578125,237.77000427246094,234.80999755859375,236.97999572753906,218.87449645996094,1836800
2021-06-15,237.52999877929688,237.80999755859375,235.66000366210938,236.35000610351562,218.2926483154297,1948300
2021-06-16,237.2100067138672,237.27999877929688,233.77999877929688,235.5800018310547,217.58145141601562,2951700
2021-06-17,235.0800018310547,236.27000427246094,233.27999877929688,233.8800048828125,216.01133728027344,1895600
2021-06-18,231.47000122070312,232.88999938964844,228.82000732421875,229.6199951171875,212.0768280029297,4408200
2021-06-21,230.6300048828125,233.22999572753906,229.47000122070312,232.89999389648438,215.10623168945312,2193000
2021-06-22,233.49000549316406,234.86000061035156,232.42999267578125,233.8800048828125,216.01133728027344,1758300
2021-06-23,233.3000030517578,234.4499969482422,232.6999969482422,233.24000549316406,215.42027282714844,1701500
2021-06-24,234.10000610351562,235.16000366210938,232.74000549316406,233.3300018310547,215.5033721923828,1839800
2021-06-25,232.74000549316406,233.41000366210938,232.33999633789062,232.4199981689453,214.66287231445312,3000100
2021-06-28,232.6699981689453,232.75,230.00999450683594,231.08999633789062,213.4345245361328,2901700
2021-06-29,231.52999877929688,231.7100067138672,230.0500030517578,230.3699951171875,212.76950073242188,1932100
2021-06-30,230.9199981689453,232.25,230.60000610351562,230.99000549316406,213.34214782714844,2450700
2021-07-01,231.41000366210938,232.39999389648438,230.75,232.27000427246094,214.52438354492188,2210500
2021-07-02,233.0800018310547,234.11000061035156,232.44000244140625,233.6300048828125,215.7804412841797,1851500
2021-07-06,233.66000366210938,233.89999389648438,231.0,232.75,214.96768188476562,1762700
2021-07-07,231.9199981689453,234.99000549316406,231.72000122070312,234.6300048828125,216.70404052734375,2069400
2021-07-08,232.9499969482422,233.8300018310547,231.94000244140625,232.83999633789062,215.0508270263672,1932600
2021-07-09,234.07000732421875,236.22999572753906,233.05999755859375,235.67999267578125,217.67384338378906,2560500
2021-07-12,234.58999633789062,236.24000549316406,234.5,235.61000061035156,217.6092071533203,2158600
2021-07-13,235.66000366210938,237.47000122070312,235.1999969482422,236.1699981689453,218.1263885498047,1884600
2021-07-14,237.02999877929688,239.0500030517578,236.63999938964844,237.1300048828125,219.0130615234375,1993200
2021-07-15,236.58999633789062,237.38999938964844,234.9199981689453,236.8800048828125,218.7821502685547,2165800
2021-07-16,237.7899932861328,237.8800048828125,234.3800048828125,234.75,216.8148651123047,1680900
2021-07-19,232.50999450683594,233.32000732421875,226.4199981689453,229.25999450683594,211.74432373046875,3774900
2021-07-20,230.64999389648438,235.52000427246094,230.2100067138672,234.27000427246094,216.3715362548828,3275600
2021-07-21,235.97999572753906,238.11000061035156,235.22000122070312,235.92999267578125,217.9047088623047,2146600
2021-07-22,235.64999389648438,239.69000244140625,235.16000366210938,238.6699981689453,220.43540954589844,2538300
2021-07-23,240.1300048828125,245.0500030517578,239.60000610351562,242.9600067138672,224.3976287841797,3996400
2021-07-26,242.0,244.57000732421875,241.60000610351562,243.97999572753906,225.33969116210938,2638400
2021-07-27,244.1699981689453,247.0500030517578,244.05999755859375,246.35000610351562,227.52865600585938,3135200
2021-07-28,242.5,243.8000030517578,239.35000610351562,241.77999877929688,223.3077850341797,4948500
2021-07-29,243.32000732421875,245.1999969482422,242.97999572753906,244.02000427246094,225.3766326904297,2572300
2021-07-30,243.85000610351562,245.41000366210938,242.2100067138672,242.7100067138672,224.166748046875,2336800
2021-08-02,244.24000549316406,244.67999267578125,239.69000244140625,240.10000610351562,221.75616455078125,2693900
2021-08-03,239.55999755859375,239.9499969482422,235.25,236.9499969482422,218.84678649902344,3300000
2021-08-04,236.4499969482422,236.60000610351562,233.0500030517578,234.8300018310547,216.8887481689453,2240600
2021-08-05,235.74000549316406,236.80999755859375,234.33999633789062,236.4199981689453,218.35728454589844,2230500
2021-08-06,236.67999267578125,237.13999938964844,235.6699981689453,236.25999450683594,218.20950317382812,1558600
2021-08-09,235.7899932861328,236.07000732421875,234.02999877929688,234.67999267578125,216.750244140625,2093100
2021-08-10,235.10000610351562,235.10000610351562,233.24000549316406,233.4499969482422,215.6141815185547,2027500
2021-08-11,234.19000244140625,235.94000244140625,233.75,235.5500030517578,217.55374145507812,1969100
2021-08-12,236.0,236.75999450683594,235.0500030517578,236.6699981689453,218.5881805419922,1490800
2021-08-13,236.7899932861328,239.0,236.27000427246094,238.82000732421875,220.57394409179688,1699700
2021-08-16,239.0,241.0500030517578,238.55999755859375,240.97000122070312,222.5596923828125,2175300
2021-08-17,240.35000610351562,240.83999633789062,238.2100067138672,240.27999877929688,221.9224090576172,1652000
2021-08-18,239.44000244140625,239.75999450683594,237.77999877929688,238.0800018310547,219.89048767089844,2215500
2021-08-19,236.67999267578125,238.1199951171875,236.07000732421875,237.22999572753906,219.1053924560547,1455400
2021-08-20,236.9600067138672,239.38999938964844,236.32000732421875,238.49000549316406,220.26914978027344,1989700
2021-08-23,239.4600067138672,240.07000732421875,237.99000549316406,239.66000366210938,221.34976196289062,2086900
2021-08-24,240.38999938964844,240.38999938964844,238.32000732421875,238.42999267578125,220.21372985839844,1687700
2021-08-25,237.92999267578125,239.60000610351562,237.83999633789062,238.8300018310547,220.58316040039062,1668000
2021-08-26,238.7899932861328,238.9199981689453,235.9199981689453,236.9499969482422,218.84678649902344,2008000
2021-08-27,237.42999267578125,238.3699951171875,236.3699951171875,237.47999572753906,219.33631896972656,1784000
2021-08-30,237.33999633789062,237.75999450683594,235.86000061035156,236.58999633789062,218.51429748535156,2245600
2021-08-31,235.75,237.72999572753906,234.6699981689453,237.4600067138672,220.5202178955078,2938100
2021-09-01,237.8800048828125,239.0399932861328,237.2100067138672,238.14999389648438,221.16098022460938,2197100
2021-09-02,239.1999969482422,239.9499969482422,238.3800048828125,239.8699951171875,222.75831604003906,2140200
2021-09-03,238.38999938964844,239.64999389648438,237.50999450683594,238.82000732421875,221.783203125,1339300
2021-09-07,238.61000061035156,238.61000061035156,235.9499969482422,236.19000244140625,219.34080505371094,1820000
2021-09-08,236.8000030517578,239.4600067138672,236.0,238.6199951171875,221.5974884033203,2718400
2021-09-09,238.4199981689453,241.42999267578125,237.77000427246094,238.61000061035156,221.5881805419922,2992200
2021-09-10,240.32000732421875,241.32000732421875,239.0399932861328,239.17999267578125,222.11752319335938,2035200
2021-09-13,240.8300018310547,241.8000030517578,239.83999633789062,241.2100067138672,224.00270080566406,2294800
2021-09-14,241.72999572753906,242.25,239.5,241.1300048828125,223.92840576171875,2013800
2021-09-15,240.47000122070312,241.27000427246094,238.17999267578125,240.97999572753906,223.78909301757812,2507200
2021-09-16,240.2899932861328,243.58999633789062,239.9499969482422,243.2100067138672,225.8600311279297,3410700
2021-09-17,243.83999633789062,244.6300048828125,241.8800048828125,242.49000549316406,225.19137573242188,4756600
2021-09-20,239.8800048828125,241.9600067138672,236.63999938964844,239.08999633789062,222.03395080566406,4549900
2021-09-21,240.0,242.35000610351562,239.39999389648438,240.5,223.3433837890625,2008300
2021-09-22,241.8000030517578,245.86000061035156,241.47000122070312,243.1300048828125,225.78575134277344,3361900
2021-09-23,243.74000549316406,245.9499969482422,243.52999877929688,244.77999877929688,227.3180389404297,2941700
2021-09-24,246.63999938964844,247.3800048828125,245.24000549316406,246.4199981689453,228.8410186767578,2508800
2021-09-27,246.0,248.89999389648438,245.27999877929688,248.11000061035156,230.4104766845703,2463300
2021-09-28,247.2899932861328,247.7100067138672,242.91000366210938,243.77000427246094,226.38006591796875,3007500
2021-09-29,244.3800048828125,245.7100067138672,243.14999389648438,244.27999877929688,226.8537139892578,1719000
2021-09-30,244.77000427246094,245.4199981689453,240.82000732421875,241.11000061035156,223.90982055664062,3136800
2021-10-01,243.07000732421875,244.69000244140625,240.25,242.92999267578125,225.59999084472656,2076000
2021-10-04,242.05999755859375,244.80999755859375,241.86000061035156,243.0800018310547,225.73927307128906,2236500
2021-10-05,243.97000122070312,246.8800048828125,243.00999450683594,245.22000122070312,227.7266387939453,2463100
2021-10-06,244.55999755859375,247.16000366210938,243.02000427246094,247.10000610351562,229.4725341796875,2107900
2021-10-07,248.0,249.9499969482422,247.67999267578125,248.32000732421875,230.6055145263672,2423900
2021-10-08,249.25,249.6300048828125,247.11000061035156,247.6999969482422,230.0297088623047,1687500
2021-10-11,248.10000610351562,249.13999938964844,246.4499969482422,246.5800018310547,228.9896240234375,1504000
2021-10-12,247.72999572753906,248.60000610351562,244.17999267578125,244.52000427246094,227.07659912109375,2346700
2021-10-13,243.27000427246094,243.8699951171875,239.89999389648438,242.64999389648438,225.33998107910156,3214300
2021-10-14,242.8800048828125,245.4199981689453,242.0399932861328,244.5500030517578,227.10443115234375,2512000
2021-10-15,245.24000549316406,246.3800048828125,241.99000549316406,242.25,224.968505859375,2564700
2021-10-18,242.4199981689453,243.4499969482422,241.1300048828125,242.25999450683594,224.97779846191406,2484900
2021-10-19,243.22000122070312,243.92999267578125,241.52999877929688,242.77000427246094,225.45143127441406,2071600
2021-10-20,240.39999389648438,242.64999389648438,239.2899932861328,239.72000122070312,222.61898803710938,3040200
2021-10-21,240.1699981689453,241.91000366210938,239.30999755859375,241.39999389648438,224.1791534423828,2702400
2021-10-22,240.7100067138672,242.24000549316406,238.0,238.44000244140625,221.4302978515625,3283700
2021-10-25,239.22999572753906,239.25,236.5,237.33999633789062,220.4087677001953,3178400
2021-10-26,237.47000122070312,238.39999389648438,236.13999938964844,236.4199981689453,219.55438232421875,3066400
2021-10-27,241.0500030517578,244.6199951171875,238.85000610351562,242.72999572753906,225.41429138183594,5249400
2021-10-28,243.39999389648438,246.0800018310547,242.52999877929688,245.5,227.9866485595703,3448500
2021-10-29,243.0,246.08999633789062,242.47000122070312,245.5500030517578,228.03309631347656,4329400
2021-11-01,245.8000030517578,251.69000244140625,245.33999633789062,250.5800018310547,232.70423889160156,4456200
2021-11-02,251.75999450683594,252.22000122070312,248.16000366210938,249.24000549316406,231.4598388671875,2624300
2021-11-03,247.99000549316406,251.1300048828125,247.91000366210938,250.39999389648438,232.53709411621094,2399000
2021-11-04,251.1199951171875,254.17999267578125,250.1999969482422,253.4600067138672,235.37879943847656,2711000
2021-11-05,254.69000244140625,257.5299987792969,254.6199951171875,254.7100067138672,236.53965759277344,3224300
2021-11-08,254.77999877929688,255.64999389648438,251.92999267578125,253.10000610351562,235.04454040527344,2471300
2021-11-09,252.91000366210938,253.69000244140625,250.4499969482422,252.64999389648438,234.62660217285156,2258900
2021-11-10,250.80999755859375,253.72000122070312,250.80999755859375,253.1300048828125,235.07232666015625,1794300
2021-11-11,253.3300018310547,253.3300018310547,249.25999450683594,250.16000366210938,232.3142547607422,1640500
2021-11-12,250.14999389648438,251.00999450683594,248.88999938964844,250.6699981689453,232.787841796875,1625200
2021-11-15,250.6699981689453,253.75999450683594,250.6699981689453,252.94000244140625,234.89590454101562,1709200
2021-11-16,253.5,254.19000244140625,252.3800048828125,252.4600067138672,234.45016479492188,2195500
2021-11-17,252.41000366210938,253.33999633789062,250.52000427246094,252.69000244140625,234.66375732421875,1412000
2021-11-18,253.16000366210938,253.49000549316406,251.0800018310547,253.47999572753906,235.3973846435547,1751200
2021-11-19,253.2899932861328,253.32000732421875,250.22999572753906,251.9499969482422,233.9765167236328,2743100
2021-11-22,252.6699981689453,255.4499969482422,252.2100067138672,253.47999572753906,235.3973846435547,2438700
2021-11-23,254.80999755859375,255.7899932861328,253.0500030517578,255.64999389648438,237.41256713867188,2770000
2021-11-24,254.5,257.7900085449219,254.0500030517578,257.1099853515625,238.7684326171875,2642800
2021-11-26,252.50999450683594,253.16000366210938,248.27000427246094,250.00999450683594,232.1749267578125,2573300
2021-11-29,251.85000610351562,252.32000732421875,249.8300018310547,250.3000030517578,232.44422912597656,2084600
2021-11-30,247.3800048828125,247.89999389648438,243.9499969482422,244.60000610351562,228.41017150878906,3836100
2021-12-01,245.75999450683594,250.89999389648438,244.11000061035156,244.17999267578125,228.01795959472656,3275300
2021-12-02,245.66000366210938,250.33999633789062,245.0,248.8000030517578,232.33216857910156,3290500
2021-12-03,250.32000732421875,250.67999267578125,247.57000732421875,249.3300018310547,232.82708740234375,3229900
2021-12-06,252.39999389648438,256.92999267578125,252.3699951171875,255.7899932861328,238.85952758789062,3616800
2021-12-07,256.95001220703125,260.3800048828125,256.45001220703125,259.9100036621094,242.70681762695312,2596200
2021-12-08,260.0,262.80999755859375,259.0899963378906,259.5799865722656,242.39866638183594,3453100
2021-12-09,259.5,263.1000061035156,258.3599853515625,262.3399963378906,244.97601318359375,2955100
2021-12-10,263.8800048828125,265.2699890136719,262.42999267578125,264.9700012207031,247.431884765625,2529600
2021-12-13,264.2200012207031,265.8599853515625,262.3999938964844,263.0899963378906,245.67628479003906,2878800
2021-12-14,263.0,263.5899963378906,261.75,262.5199890136719,245.14404296875,3695500
2021-12-15,262.1600036621094,265.6700134277344,261.4100036621094,264.5199890136719,247.0116729736328,2641800
2021-12-16,265.55999755859375,266.8900146484375,264.0899963378906,265.54998779296875,247.9735107421875,2347700
2021-12-17,264.0,264.8500061035156,260.8800048828125,261.70001220703125,244.3783416748047,5943200
2021-12-20,259.6300048828125,261.9599914550781,258.42999267578125,261.7300109863281,244.40634155273438,2824500
2021-12-21,264.2900085449219,266.4800109863281,263.4200134277344,264.3900146484375,246.8903045654297,2851800
2021-12-22,264.32000732421875,265.44000244140625,264.07000732421875,264.94000244140625,247.4038848876953,1795100
2021-12-23,265.9200134277344,267.3699951171875,265.45001220703125,265.95001220703125,248.3470458984375,1509800
2021-12-27,266.4700012207031,268.260009765625,266.0,268.239990234375,250.48548889160156,1485500
2021-12-28,267.5799865722656,269.2200012207031,267.25,267.8800048828125,250.1493377685547,1304000
2021-12-29,268.45001220703125,269.7200012207031,267.95001220703125,268.489990234375,250.71890258789062,1318500
2021-12-30,269.0,269.260009765625,266.70001220703125,267.2099914550781,249.52362060546875,1714600
2021-12-31,268.0,269.1199951171875,267.2099914550781,268.07000732421875,250.3267364501953,1519200
2022-01-03,269.489990234375,270.7300109863281,265.55999755859375,268.5799865722656,250.802978515625,2750600
2022-01-04,269.5,271.1499938964844,268.2699890136719,268.510009765625,250.73757934570312,2506000
2022-01-05,269.29998779296875,270.2799987792969,266.8999938964844,267.19000244140625,249.5049591064453,2473000
2022-01-06,268.1199951171875,270.760009765625,267.79998779296875,269.69000244140625,251.83946228027344,2908400
2022-01-07,268.55999755859375,270.1700134277344,267.0,267.05999755859375,249.383544921875,2209100
2022-01-10,266.7099914550781,266.7200012207031,262.010009765625,264.4100036621094,246.9089813232422,3122400
2022-01-11,263.489990234375,263.95001220703125,260.32000732421875,262.1199951171875,244.77053833007812,3206200
2022-01-12,263.3699951171875,263.95001220703125,260.2799987792969,260.9200134277344,243.6500244140625,3044000
2022-01-13,261.4100036621094,263.8500061035156,260.5899963378906,261.4100036621094,244.10755920410156,2371300
2022-01-14,261.1400146484375,261.239990234375,257.1600036621094,257.7099914550781,240.65243530273438,3460100
2022-01-18,256.9599914550781,257.1000061035156,254.30999755859375,256.4800109863281,239.5038604736328,3076500
2022-01-19,257.54998779296875,257.95001220703125,255.0800018310547,255.22000122070312,238.3272705078125,2304700
2022-01-20,256.6199951171875,258.1099853515625,252.89999389648438,253.1300048828125,236.37554931640625,2602200
2022-01-21,254.0399932861328,258.4599914550781,253.69000244140625,254.58999633789062,237.73892211914062,3738100
2022-01-24,252.3800048828125,253.9199981689453,247.77999877929688,253.61000061035156,236.82383728027344,5153100
2022-01-25,250.8300018310547,252.52999877929688,247.07000732421875,250.67999267578125,234.08773803710938,3908600
2022-01-26,253.0,254.2100067138672,247.86000061035156,249.85000610351562,233.3126983642578,3839000
2022-01-27,249.60000610351562,252.4600067138672,245.25,248.74000549316406,232.2761688232422,5199000
2022-01-28,250.0,256.3500061035156,247.16000366210938,256.0899963378906,239.13967895507812,3833200
2022-01-31,255.02000427246094,259.5,254.44000244140625,259.45001220703125,242.2772674560547,3174200
2022-02-01,259.75,259.8999938964844,255.5800018310547,258.989990234375,241.84771728515625,2496500
2022-02-02,258.8299865722656,262.6099853515625,258.489990234375,262.2799987792969,244.91993713378906,2371500
2022-02-03,262.0,262.79998779296875,260.07000732421875,260.6400146484375,243.3885040283203,2242200
2022-02-04,259.8699951171875,261.7300109863281,257.7900085449219,260.05999755859375,242.84689331054688,1989700
2022-02-07,261.0,261.5799865722656,259.1700134277344,259.8500061035156,242.65077209472656,1959300
2022-02-08,260.5,262.3800048828125,259.1000061035156,260.0799865722656,242.86553955078125,2920000
2022-02-09,261.989990234375,262.8800048828125,259.4100036621094,259.8599853515625,242.6601104736328,2379300
2022-02-10,258.6000061035156,260.44000244140625,255.97000122070312,256.8699951171875,239.86805725097656,3246600
2022-02-11,256.8699951171875,258.760009765625,254.72999572753906,255.16000366210938,238.271240234375,3592700
2022-02-14,255.91000366210938,256.25,251.67999267578125,253.38999938964844,236.61837768554688,2825800
2022-02-15,254.82000732421875,256.9200134277344,253.55999755859375,253.80999755859375,237.01058959960938,2171500
2022-02-16,253.77000427246094,254.60000610351562,251.1999969482422,253.08999633789062,236.33824157714844,2941800
2022-02-17,251.47999572753906,252.8800048828125,250.0,250.92999267578125,234.3211669921875,2831900
2022-02-18,250.33999633789062,252.2899932861328,250.00999450683594,250.60000610351562,234.01304626464844,2813500
2022-02-22,250.00999450683594,254.6999969482422,249.60000610351562,252.6999969482422,235.9740447998047,3980500
2022-02-23,253.52999877929688,253.85000610351562,247.0800018310547,247.7899932861328,231.38902282714844,3497200
2022-02-24,242.92999267578125,245.5800018310547,239.61000061035156,245.02999877929688,228.81170654296875,4856000
2022-02-25,246.0,249.52999877929688,243.6300048828125,249.4499969482422,232.93917846679688,4549700
2022-02-28,244.44000244140625,245.72000122070312,242.36000061035156,244.77000427246094,229.84043884277344,4410400
2022-03-01,242.3000030517578,243.60000610351562,238.3000030517578,239.6300048828125,225.0139617919922,3910700
2022-03-02,240.85000610351562,242.74000549316406,239.61000061035156,240.94000244140625,226.24403381347656,4482000
2022-03-03,241.00999450683594,242.33999633789062,235.67999267578125,236.64999389648438,222.21571350097656,4707400
2022-03-04,234.6199951171875,236.38999938964844,231.63999938964844,235.80999755859375,221.42694091796875,4184100
2022-03-07,234.30999755859375,234.30999755859375,224.19000244140625,224.3300018310547,210.6471710205078,5425000
2022-03-08,224.3300018310547,229.74000549316406,222.1999969482422,222.7899932861328,209.20111083984375,5258800
2022-03-09,226.7899932861328,227.25,222.00999450683594,222.47000122070312,208.90061950683594,5630500
2022-03-10,220.1999969482422,222.0500030517578,217.67999267578125,222.0,208.4592742919922,5444900
2022-03-11,224.74000549316406,229.11000061035156,224.1999969482422,226.8699951171875,213.0322265625,6126300
2022-03-14,226.77999877929688,228.44000244140625,223.16000366210938,226.17999267578125,212.38429260253906,4436100
2022-03-15,227.97999572753906,234.57000732421875,227.97999572753906,232.57000732421875,218.38458251953125,5087400
2022-03-16,234.8699951171875,238.2100067138672,234.36000061035156,238.13999938964844,223.6147918701172,4173200
2022-03-17,236.44000244140625,237.47000122070312,234.5399932861328,237.47000122070312,222.98568725585938,3752800
2022-03-18,237.22999572753906,239.19000244140625,235.99000549316406,238.9199981689453,224.3472442626953,5336500
2022-03-21,239.5800018310547,240.08999633789062,234.07000732421875,235.32000732421875,220.9668426513672,3704000
2022-03-22,237.0399932861328,238.44000244140625,236.47000122070312,238.1199951171875,223.5960235595703,2938100
2022-03-23,237.1300048828125,238.00999450683594,235.9499969482422,236.1199951171875,221.71804809570312,2200500
2022-03-24,237.55999755859375,241.0399932861328,236.47000122070312,240.25999450683594,225.6055145263672,2337500
2022-03-25,240.5399932861328,241.85000610351562,239.42999267578125,241.5800018310547,226.84500122070312,2134800
2022-03-28,241.91000366210938,242.9499969482422,239.86000061035156,242.94000244140625,228.12205505371094,2041800
2022-03-29,246.35000610351562,248.64999389648438,244.77000427246094,248.1699981689453,233.03305053710938,2657400
2022-03-30,247.50999450683594,250.5,247.50999450683594,249.02999877929688,233.84059143066406,2227300
2022-03-31,249.72000122070312,251.35000610351562,247.27999877929688,247.27999877929688,232.19732666015625,3803400
2022-04-01,248.1199951171875,249.42999267578125,246.17999267578125,249.25,234.0471954345703,2023000
2022-04-04,246.7899932861328,247.27000427246094,242.3800048828125,246.8300018310547,231.77479553222656,2500700
2022-04-05,246.10000610351562,249.74000549316406,245.42999267578125,248.50999450683594,233.35232543945312,2532500
2022-04-06,247.63999938964844,252.3800048828125,245.97999572753906,251.4600067138672,236.12237548828125,2886000
2022-04-07,250.7899932861328,255.47999572753906,249.5399932861328,254.36000061035156,238.84548950195312,4041800
2022-04-08,253.0399932861328,255.07000732421875,250.9199981689453,251.4600067138672,236.12237548828125,2551000
2022-04-11,251.25,252.94000244140625,249.92999267578125,250.4499969482422,235.17398071289062,2326700
2022-04-12,250.72999572753906,252.2899932861328,248.8000030517578,249.1699981689453,233.97207641601562,2724900
2022-04-13,249.36000061035156,251.66000366210938,249.02000427246094,251.3300018310547,236.0003204345703,2133800
2022-04-14,251.3300018310547,253.72999572753906,250.42999267578125,250.50999450683594,235.23031616210938,2105900
2022-04-18,249.6300048828125,252.49000549316406,249.1300048828125,251.05999755859375,235.7467803955078,1426600
2022-04-19,250.0399932861328,255.9600067138672,250.0399932861328,255.39999389648438,239.82205200195312,2324500
2022-04-20,256.0,257.7900085449219,254.82000732421875,255.85000610351562,240.24461364746094,2278700
2022-04-21,257.6499938964844,259.6099853515625,254.8800048828125,255.25,239.68121337890625,2476900
2022-04-22,255.0,255.0,249.94000244140625,250.1699981689453,234.9110565185547,2643600
2022-04-25,249.4499969482422,253.1300048828125,247.92999267578125,252.8800048828125,237.45579528808594,2523000
2022-04-26,250.1300048828125,252.41000366210938,248.3300018310547,248.5800018310547,233.41806030273438,2948500
2022-04-27,247.97999572753906,250.97000122070312,247.0500030517578,247.13999938964844,232.0658721923828,2706500
2022-04-28,249.94000244140625,256.3800048828125,248.0800018310547,254.19000244140625,238.6858673095703,3547400
2022-04-29,254.27999877929688,254.85000610351562,248.8000030517578,249.16000366210938,233.96266174316406,3388000
2022-05-02,250.86000061035156,251.5500030517578,242.25999450683594,246.63999938964844,231.59637451171875,3418700
2022-05-03,247.38999938964844,247.83999633789062,242.27999877929688,245.8699951171875,230.87330627441406,2562000
2022-05-04,246.16000366210938,254.77999877929688,246.16000366210938,254.32000732421875,238.8079376220703,3289300
2022-05-05,252.88999938964844,254.49000549316406,246.77999877929688,248.9199981689453,233.7373046875,2925900
2022-05-06,248.19000244140625,252.4499969482422,247.6999969482422,250.77999877929688,235.48385620117188,2964500
2022-05-09,247.0,249.89999389648438,246.7899932861328,247.49000549316406,232.39456176757812,2918900
2022-05-10,248.99000549316406,250.8800048828125,244.92999267578125,245.67999267578125,230.69493103027344,3070800
2022-05-11,245.27000427246094,246.7899932861328,243.2100067138672,244.42999267578125,229.52117919921875,2833200
2022-05-12,245.32000732421875,246.3800048828125,241.1199951171875,244.19000244140625,229.2957763671875,2861000
2022-05-13,247.14999389648438,247.17999267578125,242.27999877929688,245.0399932861328,230.09396362304688,3255200
2022-05-16,244.4600067138672,245.47999572753906,240.72999572753906,244.0399932861328,229.15493774414062,2147100
2022-05-17,246.0,247.0,239.4600067138672,241.6300048828125,226.89195251464844,3204900
2022-05-18,239.4600067138672,240.0800018310547,230.3699951171875,231.0500030517578,216.95729064941406,3946100
2022-05-19,229.5,232.14999389648438,228.33999633789062,229.0,215.03231811523438,3518300
2022-05-20,231.3800048828125,234.05999755859375,228.58999633789062,233.91000366210938,219.6428680419922,3208200
2022-05-23,235.75999450683594,238.88999938964844,233.5,238.0,223.48336791992188,3053500
2022-05-24,237.5,245.8000030517578,237.4499969482422,244.52000427246094,229.605712890625,5258200
2022-05-25,242.5800018310547,245.6999969482422,241.58999633789062,244.00999450683594,229.12680053710938,2641700
2022-05-26,246.0,249.3300018310547,245.60000610351562,248.08999633789062,232.95791625976562,1972300
2022-05-27,249.5,251.8699951171875,248.77999877929688,251.8699951171875,236.50735473632812,2063800
2022-05-31,250.0,254.27999877929688,248.6300048828125,252.2100067138672,236.82662963867188,3924700
2022-06-01,253.19000244140625,253.4199981689453,248.19000244140625,249.27999877929688,234.07534790039062,2264100
2022-06-02,249.60000610351562,250.44000244140625,246.22000122070312,250.3800048828125,235.1082763671875,2089700
2022-06-03,248.42999267578125,250.27000427246094,248.1699981689453,248.36000061035156,234.50396728515625,1838900
2022-06-06,249.0800018310547,249.52999877929688,247.3300018310547,248.07000732421875,234.23013305664062,1569300
2022-06-07,246.0,249.7899932861328,245.52999877929688,248.94000244140625,235.05160522460938,2782000
2022-06-08,247.89999389648438,248.47999572753906,244.88999938964844,245.61000061035156,231.90737915039062,2101300
2022-06-09,243.6199951171875,246.0,242.02999877929688,242.16000366210938,228.6498565673828,2682600
2022-06-10,239.17999267578125,239.50999450683594,237.16000366210938,237.3800048828125,224.13653564453125,1992300
2022-06-13,232.7899932861328,240.10000610351562,232.67999267578125,238.47000122070312,225.16571044921875,4697000
2022-06-14,239.9600067138672,242.89999389648438,238.6199951171875,238.75999450683594,225.43954467773438,3564800
2022-06-15,239.86000061035156,241.5800018310547,236.1199951171875,238.89999389648438,225.57176208496094,3152100
2022-06-16,236.0800018310547,237.32000732421875,233.82000732421875,235.19000244140625,222.0687255859375,3272000
2022-06-17,234.22000122070312,235.49000549316406,232.1699981689453,234.3800048828125,221.3039093017578,7236300
2022-06-21,236.22000122070312,240.10000610351562,234.13999938964844,239.58999633789062,226.22323608398438,3263500
2022-06-22,238.7899932861328,244.5500030517578,238.36000061035156,243.05999755859375,229.49964904785156,3054300
2022-06-23,243.6999969482422,245.08999633789062,240.4600067138672,243.5800018310547,229.99061584472656,1937000
2022-06-24,245.25999450683594,248.0,244.49000549316406,247.89999389648438,234.0696258544922,3104800
2022-06-27,247.89999389648438,248.77000427246094,246.57000732421875,247.02999877929688,233.24815368652344,2059200
2022-06-28,247.05999755859375,249.9600067138672,242.52000427246094,242.8300018310547,229.282470703125,2381700
2022-06-29,246.13999938964844,248.8699951171875,245.11000061035156,247.74000549316406,233.91856384277344,2997200
2022-06-30,248.25,248.58999633789062,245.4499969482422,246.8800048828125,233.10655212402344,2786200
2022-07-01,246.35000610351562,253.13999938964844,246.0,252.9600067138672,238.8473358154297,2531400
2022-07-05,251.14999389648438,253.0,249.66000366210938,252.2899932861328,238.21470642089844,2390700
2022-07-06,252.47000122070312,252.86000061035156,249.3699951171875,251.4600067138672,237.43101501464844,1948600
2022-07-07,253.25999450683594,254.9199981689453,251.17999267578125,252.94000244140625,238.8284454345703,2396700
2022-07-08,252.60000610351562,254.6199951171875,252.32000732421875,253.24000549316406,239.1116943359375,1450300
2022-07-11,252.0800018310547,255.39999389648438,252.0800018310547,253.27999877929688,239.1494903564453,1478100
2022-07-12,252.97000122070312,255.6199951171875,250.75999450683594,251.47999572753906,237.4499053955078,2112800
2022-07-13,248.9600067138672,254.8000030517578,248.25999450683594,252.6699981689453,238.57351684570312,2205300
2022-07-14,249.88999938964844,253.10000610351562,249.6199951171875,252.60000610351562,238.50741577148438,2371000
2022-07-15,254.02000427246094,256.3900146484375,253.4499969482422,255.00999450683594,240.782958984375,2627200
2022-07-18,255.24000549316406,255.58999633789062,252.07000732421875,252.4199981689453,238.33746337890625,2164400
2022-07-19,253.8800048828125,256.6199951171875,252.97000122070312,256.5,242.1898193359375,2181300
2022-07-20,256.7799987792969,256.9100036621094,253.47000122070312,254.5800018310547,240.37693786621094,2183700
2022-07-21,253.99000549316406,254.8000030517578,252.32000732421875,253.47000122070312,239.32887268066406,2056500
2022-07-22,253.75,254.52999877929688,252.4499969482422,253.99000549316406,239.8198699951172,2226600
2022-07-25,254.57000732421875,254.8000030517578,248.66000366210938,250.3800048828125,236.41128540039062,2860400
2022-07-26,249.55999755859375,259.2200012207031,248.6999969482422,257.0899963378906,242.74693298339844,5272300
2022-07-27,255.8000030517578,259.9100036621094,254.69000244140625,258.8900146484375,244.44651794433594,2718300
2022-07-28,258.79998779296875,264.0,257.55999755859375,263.4599914550781,248.7615509033203,2849100
2022-07-29,263.6499938964844,264.3500061035156,262.1000061035156,263.3699951171875,248.6765594482422,2653800
2022-08-01,262.5400085449219,265.4599914550781,262.4100036621094,264.2300109863281,249.4886016845703,2384000
2022-08-02,264.6199951171875,265.45001220703125,260.8900146484375,261.04998779296875,246.48593139648438,2375200
2022-08-03,261.04998779296875,262.9200134277344,259.760009765625,262.0899963378906,247.4679412841797,2305300
2022-08-04,261.70001220703125,262.17999267578125,258.69000244140625,260.6400146484375,246.098876953125,2089600
2022-08-05,259.6400146484375,260.0299987792969,257.07000732421875,259.2300109863281,244.76751708984375,1818500
2022-08-08,260.0,260.9100036621094,255.33999633789062,256.79998779296875,242.47308349609375,2253500
2022-08-09,256.8999938964844,260.2099914550781,256.3599853515625,260.05999755859375,245.5512237548828,2315800
2022-08-10,262.0,263.7099914550781,260.5,261.3599853515625,246.77867126464844,2967900
2022-08-11,263.20001220703125,263.2699890136719,258.6300048828125,259.2799987792969,244.8147430419922,2007000
2022-08-12,259.54998779296875,262.510009765625,259.54998779296875,262.17999267578125,247.55291748046875,1530800
2022-08-15,262.2099914550781,265.6199951171875,261.25,265.44000244140625,250.63111877441406,2342700
2022-08-16,265.0400085449219,267.1300048828125,264.260009765625,266.2900085449219,251.4336700439453,1828000
2022-08-17,265.9599914550781,267.9700012207031,265.5799865722656,266.82000732421875,251.93408203125,1699100
2022-08-18,266.0,267.3599853515625,265.4200134277344,266.5799865722656,251.7074432373047,1591900
2022-08-19,265.94000244140625,267.75,265.5400085449219,266.5400085449219,251.66970825195312,1833800
2022-08-22,264.5,265.7900085449219,262.3699951171875,262.95001220703125,248.28005981445312,1986700
2022-08-23,262.6199951171875,263.3500061035156,260.5299987792969,260.5400085449219,246.00442504882812,2211100
2022-08-24,260.7099914550781,262.0,259.8599853515625,260.8599853515625,246.30654907226562,1777200
2022-08-25,261.989990234375,262.67999267578125,260.20001220703125,262.55999755859375,247.9117431640625,1330400
2022-08-26,262.79998779296875,263.20001220703125,256.3900146484375,256.95001220703125,242.61474609375,2357800
2022-08-29,255.5,256.7099914550781,254.58999633789062,255.66000366210938,241.39669799804688,2017500
2022-08-30,256.0,256.7200012207031,252.57000732421875,253.49000549316406,239.34776306152344,2051300
2022-08-31,254.1699981689453,255.67999267578125,252.1999969482422,252.27999877929688,239.50914001464844,3119200
2022-09-01,251.82000732421875,256.5299987792969,251.75999450683594,256.4700012207031,243.48704528808594,2577800
2022-09-02,257.4100036621094,258.5799865722656,253.36000061035156,254.50999450683594,241.62625122070312,1791300
2022-09-06,254.47000122070312,256.7300109863281,253.3800048828125,254.38999938964844,241.51234436035156,2645700
2022-09-07,255.13999938964844,259.82000732421875,254.9600067138672,258.4200134277344,245.33834838867188,4185200
2022-09-08,257.8500061035156,261.0799865722656,257.3299865722656,260.0799865722656,246.91429138183594,2448900
2022-09-09,260.260009765625,260.739990234375,258.2099914550781,259.5199890136719,246.38262939453125,2007000
2022-09-12,260.0,261.3999938964844,259.4200134277344,260.3699951171875,247.18960571289062,2204300
2022-09-13,257.739990234375,258.95001220703125,253.6699981689453,254.3300018310547,241.45538330078125,2604900
2022-09-14,255.0,258.2699890136719,254.3699951171875,255.72000122070312,242.7750244140625,2745200
2022-09-15,255.02000427246094,255.22999572753906,252.49000549316406,253.47000122070312,240.63888549804688,2289500
2022-09-16,251.85000610351562,255.82000732421875,251.75,254.91000366210938,242.00601196289062,4304100
2022-09-19,254.0,257.54998779296875,253.35000610351562,257.010009765625,243.99969482421875,2195800
2022-09-20,256.1000061035156,256.489990234375,252.77999877929688,255.39999389648438,242.47119140625,2140200
2022-09-21,255.1300048828125,256.9100036621094,251.0800018310547,251.0800018310547,238.36990356445312,2438800
2022-09-22,250.38999938964844,250.42999267578125,247.64999389648438,247.94000244140625,235.38885498046875,2300500
2022-09-23,247.2100067138672,249.10000610351562,244.19000244140625,245.9499969482422,233.49960327148438,2672100
2022-09-26,245.94000244140625,246.25,242.44000244140625,243.75999450683594,231.42047119140625,3179100
2022-09-27,244.5800018310547,244.92999267578125,236.55999755859375,236.6999969482422,224.7178192138672,4193800
2022-09-28,236.1300048828125,238.52999877929688,233.75999450683594,236.94000244140625,224.94570922851562,4202400
2022-09-29,236.32000732421875,237.66000366210938,232.4600067138672,234.39999389648438,222.5342559814453,3053200
2022-09-30,233.32000732421875,234.8300018310547,230.5800018310547,230.74000549316406,219.05955505371094,3629300
2022-10-03,233.52000427246094,236.85000610351562,231.7100067138672,235.33999633789062,223.4267120361328,3286700
2022-10-04,236.7100067138672,241.0500030517578,236.2100067138672,238.5,226.42674255371094,3685700
2022-10-05,236.91000366210938,240.41000366210938,236.13999938964844,239.08999633789062,226.98684692382812,3033000
2022-10-06,239.33999633789062,239.8800048828125,234.4600067138672,234.75,222.86654663085938,2999200
2022-10-07,233.9600067138672,234.60000610351562,232.0800018310547,233.19000244140625,221.38552856445312,2294300
2022-10-10,233.41000366210938,236.25999450683594,233.41000366210938,234.9499969482422,223.05641174316406,2668700
2022-10-11,234.16000366210938,239.1199951171875,233.92999267578125,237.0500030517578,225.0501251220703,3169200
2022-10-12,237.27000427246094,240.0399932861328,237.05999755859375,237.05999755859375,225.05963134765625,2709300
2022-10-13,234.4600067138672,249.3000030517578,234.4600067138672,246.75,234.2590789794922,5026900
2022-10-14,249.0800018310547,249.42999267578125,242.41000366210938,243.16000366210938,230.85081481933594,2918300
2022-10-17,245.8000030517578,247.22000122070312,243.52999877929688,246.47999572753906,234.0027618408203,2758200
2022-10-18,249.3699951171875,250.4199981689453,247.25,249.19000244140625,236.57559204101562,3123600
2022-10-19,250.0,252.52000427246094,249.1199951171875,250.75,238.05661010742188,3021300
2022-10-20,249.5500030517578,251.75,249.0500030517578,249.77000427246094,237.12620544433594,2410700
2022-10-21,250.2100067138672,255.36000061035156,249.5,254.5500030517578,241.6642608642578,3254900
2022-10-24,255.27999877929688,256.8699951171875,253.07000732421875,255.32000732421875,242.395263671875,4125100
2022-10-25,254.57000732421875,257.2799987792969,254.39999389648438,255.72999572753906,242.78448486328125,2689000
2022-10-26,257.8399963378906,260.69000244140625,256.1199951171875,256.6099853515625,243.6199493408203,3582600
2022-10-27,263.0,266.989990234375,262.260009765625,265.1099853515625,251.68968200683594,4145700
2022-10-28,267.510009765625,274.80999755859375,265.989990234375,274.5199890136719,260.6233215332031,4647600
2022-10-31,273.05999755859375,273.6300048828125,270.80999755859375,272.6600036621094,258.85748291015625,3336100
2022-11-01,273.69000244140625,273.7900085449219,269.6600036621094,272.95001220703125,259.1327819824219,2740900
2022-11-02,273.0,276.6700134277344,270.30999755859375,270.3699951171875,256.68341064453125,3069900
2022-11-03,269.3299865722656,274.67999267578125,268.3800048828125,272.95001220703125,259.1327819824219,3225400
2022-11-04,275.6000061035156,275.7099914550781,272.1300048828125,274.6199951171875,260.71826171875,3256500
2022-11-07,275.07000732421875,278.0799865722656,275.07000732421875,276.4100036621094,262.41766357421875,3029500
2022-11-08,276.8599853515625,279.5199890136719,276.5,278.3999938964844,264.306884765625,2628800
2022-11-09,278.510009765625,280.25,277.67999267578125,277.7900085449219,263.727783203125,2610800
2022-11-10,281.489990234375,281.6700134277344,272.5799865722656,275.8800048828125,261.9144592285156,4510900
2022-11-11,276.3299865722656,277.0,269.17999267578125,271.3900146484375,257.65179443359375,4742800
2022-11-14,270.92999267578125,274.7099914550781,270.5799865722656,272.2699890136719,258.4871826171875,3357400
2022-11-15,270.25,271.0299987792969,266.3399963378906,267.8399963378906,254.28147888183594,5429100
2022-11-16,268.9200134277344,274.42999267578125,268.9200134277344,272.510009765625,258.7150573730469,4132700
2022-11-17,272.07000732421875,274.3500061035156,270.55999755859375,273.3599853515625,259.52203369140625,2467400
2022-11-18,273.9200134277344,275.1000061035156,272.1199951171875,273.3699951171875,259.53155517578125,2699200
2022-11-21,274.6499938964844,274.9800109863281,273.1000061035156,274.5199890136719,260.6233215332031,2974200
2022-11-22,275.0,275.29998779296875,274.29998779296875,274.760009765625,260.8511962890625,2770400
2022-11-23,275.54998779296875,275.6499938964844,272.8800048828125,273.2699890136719,259.43658447265625,2514800
2022-11-25,274.510009765625,275.32000732421875,272.8599853515625,275.0,261.0790710449219,1596600
2022-11-28,274.8800048828125,275.94000244140625,272.3800048828125,272.8800048828125,259.06634521484375,3160500
2022-11-29,271.0,271.9200134277344,269.4700012207031,271.4100036621094,257.6707458496094,2873500
2022-11-30,269.6199951171875,273.30999755859375,268.8299865722656,272.7900085449219,260.4394836425781,5196500
2022-12-01,273.1600036621094,274.239990234375,271.3900146484375,273.3999938964844,261.0218200683594,2599600
2022-12-02,269.80999755859375,273.45001220703125,269.6199951171875,273.3999938964844,261.0218200683594,2807500
2022-12-05,271.0199890136719,272.57000732421875,270.0,271.5899963378906,259.2937927246094,2586900
2022-12-06,271.79998779296875,273.3699951171875,270.0299987792969,271.7699890136719,259.4656066894531,3573000
2022-12-07,272.5,273.9800109863281,269.6700134277344,270.3399963378906,258.10040283203125,2766400
2022-12-08,271.0,273.57000732421875,270.6199951171875,273.3900146484375,261.0123291015625,3022700
2022-12-09,273.6099853515625,274.1600036621094,271.7200012207031,272.0400085449219,259.723388671875,1677400
2022-12-12,272.19000244140625,276.7099914550781,271.2200012207031,276.6199951171875,264.0960693359375,3230500
2022-12-13,278.67999267578125,279.8999938964844,273.6400146484375,274.2799987792969,261.8620300292969,3390100
2022-12-14,275.2200012207031,277.0799865722656,272.29998779296875,274.5299987792969,262.1006774902344,2660900
2022-12-15,273.7900085449219,274.3800048828125,269.2099914550781,271.7300109863281,259.4274597167969,2735300
2022-12-16,270.4100036621094,271.0199890136719,265.760009765625,266.1199951171875,254.0714569091797,5932500
2022-12-19,266.25,268.4200134277344,264.6700134277344,265.8299865722656,253.79454040527344,2160800
2022-12-20,266.9200134277344,267.94000244140625,264.5400085449219,267.25,255.15036010742188,1785600
2022-12-21,267.4800109863281,269.94000244140625,267.30999755859375,268.1600036621094,256.01904296875,2366800
2022-12-22,267.2699890136719,268.1199951171875,263.6499938964844,265.7699890136719,253.73731994628906,2366700
2022-12-23,265.8999938964844,268.3500061035156,264.7900085449219,267.57000732421875,255.455810546875,1269000
2022-12-27,268.6600036621094,268.8699951171875,266.6000061035156,266.8399963378906,254.75881958007812,1674700
2022-12-28,268.0,268.1400146484375,265.07000732421875,265.1099853515625,253.10716247558594,1427800
2022-12-29,265.94000244140625,267.80999755859375,264.8800048828125,265.92999267578125,253.89002990722656,1393900
2022-12-30,265.20001220703125,265.3800048828125,261.3999938964844,263.5299987792969,251.5987091064453,1720100
2023-01-03,263.5299987792969,264.3500061035156,259.510009765625,264.3299865722656,252.36251831054688,2743800
2023-01-04,266.25,266.54998779296875,262.8900146484375,264.3900146484375,252.4197540283203,2584100
2023-01-05,264.760009765625,264.760009765625,261.3800048828125,262.1600036621094,250.29071044921875,1945600
2023-01-06,263.760009765625,269.8900146484375,263.3900146484375,269.4700012207031,257.269775390625,2855400
2023-01-09,269.92999267578125,269.95001220703125,266.7699890136719,267.25,255.15036010742188,2654600
2023-01-10,266.9800109863281,269.1000061035156,266.9599914550781,268.9100036621094,256.735107421875,1718400
2023-01-11,269.5199890136719,269.739990234375,266.9599914550781,268.80999755859375,256.6396789550781,2391400
2023-01-12,269.5,269.9200134277344,266.19000244140625,266.69000244140625,254.61561584472656,1933000
2023-01-13,266.3900146484375,268.95001220703125,265.8800048828125,268.8900146484375,256.7160949707031,2168900
2023-01-17,270.0199890136719,275.3900146484375,270.0199890136719,274.1099853515625,261.69970703125,3640200
2023-01-18,273.510009765625,274.3699951171875,265.7200012207031,266.0400085449219,253.99508666992188,3276500
2023-01-19,266.7200012207031,269.1400146484375,263.5299987792969,263.5799865722656,251.6464385986328,2845400
2023-01-20,264.42999267578125,268.6499938964844,262.8299865722656,268.5799865722656,256.4200744628906,2588600
2023-01-23,268.8399963378906,271.1700134277344,267.760009765625,269.2900085449219,257.09796142578125,2434000
2023-01-24,261.2200012207031,270.1600036621094,261.2200012207031,269.55999755859375,257.3556823730469,2517100
2023-01-25,270.3299865722656,273.07000732421875,268.82000732421875,273.0,260.63995361328125,3097400
2023-01-26,273.0,274.75,271.70001220703125,274.7200012207031,262.28204345703125,2222500
2023-01-27,275.0,275.30999755859375,271.9700012207031,272.4599914550781,260.1244201660156,2203200
2023-01-30,271.6700134277344,272.57000732421875,270.05999755859375,270.8900146484375,258.62548828125,2862400
2023-01-31,265.0899963378906,267.510009765625,263.25,267.3999938964844,255.29348754882812,5477900
2023-02-01,267.0199890136719,268.4599914550781,263.5,266.2699890136719,254.2146453857422,3557700
2023-02-02,264.8900146484375,265.9800109863281,262.0199890136719,263.2099914550781,251.293212890625,3735600
2023-02-03,262.6300048828125,265.2200012207031,261.3500061035156,264.2300109863281,252.2670440673828,3008500
2023-02-06,264.989990234375,268.20001220703125,264.3599853515625,267.9200134277344,255.7899627685547,2863900
2023-02-07,265.0199890136719,267.7699890136719,263.6300048828125,267.3399963378906,255.2362060546875,2514000
2023-02-08,265.0899963378906,265.8900146484375,262.45001220703125,262.82000732421875,250.92086791992188,2801800
2023-02-09,263.69000244140625,263.95001220703125,260.19000244140625,260.6600036621094,248.85867309570312,3534600
2023-02-10,260.8699951171875,262.69000244140625,260.2900085449219,262.4200134277344,250.53897094726562,3049900
2023-02-13,263.70001220703125,266.7900085449219,263.0,266.20001220703125,254.14785766601562,2418300
2023-02-14,266.6499938964844,267.5199890136719,264.5899963378906,266.6099853515625,254.53924560546875,2202100
2023-02-15,266.2699890136719,267.67999267578125,265.1499938964844,266.55999755859375,254.49156188964844,1862000
2023-02-16,265.07000732421875,267.7099914550781,263.2799987792969,265.8299865722656,253.79454040527344,2785400
2023-02-17,266.29998779296875,270.0,265.3299865722656,269.989990234375,257.7662048339844,3055600
2023-02-21,269.2900085449219,270.239990234375,267.6099853515625,268.54998779296875,256.3914489746094,2824300
2023-02-22,268.20001220703125,270.4800109863281,267.6600036621094,268.6400146484375,256.47735595703125,2192000
2023-02-23,267.70001220703125,267.8699951171875,263.9599914550781,266.7799987792969,254.7015838623047,4217000
2023-02-24,265.9100036621094,266.2799987792969,262.25,263.67999267578125,251.741943359375,2645300
2023-02-27,265.0299987792969,266.29998779296875,263.5400085449219,264.7799987792969,252.79209899902344,2024800
2023-02-28,263.1400146484375,264.5799865722656,262.80999755859375,263.9100036621094,253.41627502441406,2853400
2023-03-01,262.5400085449219,263.5299987792969,261.67999267578125,262.7200012207031,252.27357482910156,2058900
2023-03-02,262.45001220703125,268.4599914550781,262.30999755859375,267.57000732421875,256.9307556152344,2385900
2023-03-03,268.4200134277344,269.3800048828125,266.20001220703125,269.07000732421875,258.37109375,2725800
2023-03-06,269.1499938964844,270.7799987792969,268.8999938964844,270.6400146484375,259.878662109375,2217600
2023-03-07,271.5199890136719,273.1499938964844,266.82000732421875,267.1300048828125,256.5082702636719,2766600
2023-03-08,265.8599853515625,266.1600036621094,263.1400146484375,265.3299865722656,254.77981567382812,2314000
2023-03-09,267.0899963378906,267.6099853515625,260.8699951171875,261.6300048828125,251.22694396972656,2339300
2023-03-10,263.7300109863281,266.5799865722656,261.260009765625,262.0299987792969,251.61105346679688,3093100
2023-03-13,260.3699951171875,267.3999938964844,260.3699951171875,263.0799865722656,252.6192626953125,3552400
2023-03-14,263.1199951171875,266.94000244140625,262.6000061035156,265.8999938964844,255.3271484375,3194400
2023-03-15,264.5799865722656,266.4100036621094,262.57000732421875,266.3399963378906,255.74966430664062,3419400
2023-03-16,265.7799987792969,270.67999267578125,265.510009765625,270.57000732421875,259.8114929199219,3097900
2023-03-17,269.57000732421875,269.9700012207031,265.7099914550781,267.20001220703125,256.5754699707031,5075300
2023-03-20,267.8399963378906,271.3800048828125,267.8399963378906,270.739990234375,259.97467041015625,2108900
2023-03-21,270.0,270.8699951171875,267.6199951171875,270.2099914550781,259.46575927734375,3120100
2023-03-22,270.0400085449219,271.9800109863281,267.7099914550781,267.8699951171875,257.2187805175781,2240800
2023-03-23,267.989990234375,271.4800109863281,267.989990234375,269.6199951171875,258.89923095703125,2263800
2023-03-24,270.3699951171875,271.8299865722656,268.8399963378906,271.3299865722656,260.541259765625,2229200
2023-03-27,272.0,274.95001220703125,270.57000732421875,273.8399963378906,262.951416015625,2799100
2023-03-28,273.989990234375,276.2200012207031,273.510009765625,275.8500061035156,264.8815612792969,2036000
2023-03-29,277.0,278.1499938964844,276.45001220703125,277.44000244140625,266.4082946777344,2053400
2023-03-30,277.260009765625,278.3999938964844,276.5,277.7900085449219,266.744384765625,1788800
2023-03-31,278.9200134277344,280.6400146484375,278.5,279.6099853515625,268.4919738769531,2902500
2023-04-03,280.989990234375,282.8699951171875,279.67999267578125,282.1400146484375,270.92144775390625,2352700
2023-04-04,281.4100036621094,283.4200134277344,280.3900146484375,282.2799987792969,271.0558776855469,2282300
2023-04-05,283.489990234375,284.9800109863281,281.7799987792969,282.0199890136719,270.8061828613281,2600800
2023-04-06,282.42999267578125,283.489990234375,281.57000732421875,282.8900146484375,271.6416015625,1731000
2023-04-10,283.17999267578125,284.1700134277344,281.989990234375,283.7799987792969,272.4962463378906,1941800
2023-04-11,283.1700134277344,285.5400085449219,282.75,284.4800109863281,273.16839599609375,2732900
2023-04-12,283.8500061035156,286.7900085449219,283.5,285.29998779296875,273.9557800292969,2557400
2023-04-13,286.57000732421875,289.5400085449219,286.1099853515625,289.07000732421875,277.57586669921875,3229300
2023-04-14,289.2900085449219,289.94000244140625,287.6199951171875,288.9800109863281,277.48944091796875,2054700
2023-04-17,289.8399963378906,290.510009765625,288.17999267578125,289.30999755859375,277.8063049316406,2371000
2023-04-18,289.3999938964844,291.19000244140625,289.0,290.9100036621094,279.34271240234375,2086700
2023-04-19,290.9100036621094,291.6000061035156,290.19000244140625,291.2699890136719,279.6883544921875,2254000
2023-04-20,290.9599914550781,291.6700134277344,289.8800048828125,291.0,279.4291076660156,2274200
2023-04-21,292.32000732421875,292.5299987792969,290.510009765625,292.05999755859375,280.44696044921875,2171200
2023-04-24,292.8299865722656,293.42999267578125,291.7099914550781,293.20001220703125,281.54168701171875,2995200
2023-04-25,295.0,295.0,289.42999267578125,291.510009765625,279.9188537597656,5845200
2023-04-26,289.9800109863281,291.5,289.760009765625,289.760009765625,278.2384338378906,3290000
2023-04-27,290.7200012207031,295.04998779296875,290.0,294.7200012207031,283.001220703125,3142300
2023-04-28,294.8299865722656,296.17999267578125,293.9100036621094,295.75,283.990234375,2837200
2023-05-01,295.7200012207031,298.79998779296875,295.6499938964844,297.5799865722656,285.7474365234375,2124400
2023-05-02,297.3699951171875,298.4599914550781,295.5799865722656,298.07000732421875,286.2179870605469,2083800
2023-05-03,296.760009765625,297.260009765625,294.6499938964844,295.2200012207031,283.4813232421875,2425500
2023-05-04,296.05999755859375,296.30999755859375,293.4700012207031,295.1600036621094,283.4237060546875,2005300
2023-05-05,295.7699890136719,297.0199890136719,294.4599914550781,296.6000061035156,284.80645751953125,1815400
2023-05-08,297.1000061035156,297.3699951171875,295.57000732421875,296.69000244140625,284.8928527832031,2969600
2023-05-09,298.6300048828125,298.8599853515625,296.29998779296875,296.6600036621094,284.86407470703125,1637500
2023-05-10,296.3800048828125,298.0,293.8399963378906,296.57000732421875,284.7776184082031,1849300
2023-05-11,296.5,296.94000244140625,293.3599853515625,294.7900085449219,283.0684509277344,1955100
2023-05-12,295.19000244140625,296.42999267578125,294.30999755859375,296.1400146484375,284.36474609375,1801700
2023-05-15,295.7699890136719,296.6400146484375,294.6600036621094,295.8999938964844,284.1343078613281,1700500
2023-05-16,295.94000244140625,296.19000244140625,293.9800109863281,294.1499938964844,282.4538269042969,2859500
2023-05-17,295.5199890136719,295.5199890136719,292.6499938964844,293.4599914550781,281.791259765625,2802100
2023-05-18,293.25,294.42999267578125,291.1300048828125,294.04998779296875,282.3577880859375,2410700
2023-05-19,293.8399963378906,296.0,292.4700012207031,295.54998779296875,283.7981872558594,2371200
2023-05-22,295.54998779296875,296.6400146484375,289.1400146484375,289.3500061035156,277.8447570800781,2514700
2023-05-23,288.1499938964844,288.5,285.44000244140625,286.3699951171875,274.98321533203125,2943900
2023-05-24,286.45001220703125,287.1199951171875,284.5799865722656,285.9200134277344,274.55108642578125,2262100
2023-05-25,286.7900085449219,286.9100036621094,284.7099914550781,285.5199890136719,274.1670227050781,2748100
2023-05-26,285.67999267578125,288.75,285.67999267578125,286.0400085449219,274.6662902832031,2148200
2023-05-30,283.92999267578125,286.3500061035156,283.67999267578125,284.9200134277344,273.5908508300781,3385200
2023-05-31,284.8800048828125,285.70001220703125,283.3500061035156,285.1099853515625,273.7733154296875,3104900
2023-06-01,284.9200134277344,288.0400085449219,283.6000061035156,287.8699951171875,276.423583984375,2605300
2023-06-02,286.70001220703125,290.20001220703125,286.1400146484375,289.9100036621094,279.8601379394531,2869000
2023-06-05,290.0,290.5,288.0299987792969,288.42999267578125,278.4314270019531,1974500
2023-06-06,289.8599853515625,290.2300109863281,281.9800109863281,284.5400085449219,274.67633056640625,2771500
2023-06-07,284.45001220703125,284.739990234375,281.30999755859375,281.8999938964844,272.1278076171875,3614800
2023-06-08,280.9700012207031,286.05999755859375,280.0,285.7799987792969,275.8733215332031,3043700
2023-06-09,285.5199890136719,287.2799987792969,284.739990234375,286.7900085449219,276.84832763671875,1975900
2023-06-12,288.1600036621094,288.75,286.5,288.57000732421875,278.5665588378906,1885000
2023-06-13,288.5,289.69000244140625,287.54998779296875,288.54998779296875,278.54730224609375,2027800
2023-06-14,288.1000061035156,289.55999755859375,287.30999755859375,288.44000244140625,278.441162109375,1964500
2023-06-15,289.6499938964844,293.4800109863281,288.260009765625,292.6099853515625,282.4665832519531,2619200
2023-06-16,294.510009765625,296.57000732421875,293.1400146484375,293.70001220703125,283.5187683105469,4890400
2023-06-20,293.6499938964844,297.17999267578125,292.67999267578125,293.0400085449219,282.8816833496094,2729800
2023-06-21,293.32000732421875,295.1600036621094,292.80999755859375,294.5199890136719,284.310302734375,2837100
2023-06-22,294.6199951171875,295.0799865722656,291.5199890136719,293.29998779296875,283.1326599121094,1799400
2023-06-23,291.3500061035156,292.45001220703125,289.6400146484375,289.9100036621094,279.8601379394531,3720600
2023-06-26,289.6400146484375,289.75,287.07000732421875,289.0899963378906,279.0685729980469,1851800
2023-06-27,290.30999755859375,292.489990234375,289.6499938964844,291.29998779296875,281.20196533203125,1815000
2023-06-28,291.45001220703125,291.82000732421875,289.04998779296875,291.739990234375,281.6267395019531,1666500
2023-06-29,291.54998779296875,294.6600036621094,290.2099914550781,294.4700012207031,284.2620849609375,1744000
2023-06-30,295.1400146484375,299.1000061035156,294.8900146484375,298.4100036621094,288.06549072265625,2644700
2023-07-03,297.7900085449219,298.3999938964844,294.79998779296875,294.8399963378906,284.6192626953125,1601300
2023-07-05,295.1099853515625,297.30999755859375,294.5899963378906,296.8999938964844,286.6078186035156,2356000
2023-07-06,295.32000732421875,296.5799865722656,293.44000244140625,294.9200134277344,284.69647216796875,2569600
2023-07-07,293.7200012207031,294.3599853515625,291.54998779296875,292.1000061035156,281.9742431640625,2586500
2023-07-10,292.3999938964844,295.6199951171875,292.3299865722656,294.489990234375,284.28143310546875,1703700
2023-07-11,295.2900085449219,295.5,291.7699890136719,294.739990234375,284.522705078125,1529600
2023-07-12,296.8299865722656,297.1000061035156,295.20001220703125,295.6099853515625,285.3625183105469,2156000
2023-07-13,295.3900146484375,296.6600036621094,295.010009765625,295.2200012207031,284.98602294921875,1656900
2023-07-14,295.25,296.04998779296875,294.010009765625,294.94000244140625,284.7157897949219,1550000
2023-07-17,295.0799865722656,296.8599853515625,294.54998779296875,294.67999267578125,284.4648132324219,1669900
2023-07-18,294.4700012207031,295.75,292.4599914550781,293.82000732421875,283.6346435546875,1991600
2023-07-19,295.0,295.3999938964844,293.2200012207031,294.1300048828125,283.9338684082031,1969200
2023-07-20,294.30999755859375,297.55999755859375,294.1099853515625,297.1300048828125,286.8299255371094,2104300
2023-07-21,297.6600036621094,299.3500061035156,295.32000732421875,295.6099853515625,285.3625183105469,2834100
2023-07-24,296.0,296.95001220703125,294.8599853515625,295.30999755859375,285.0729675292969,2034400
2023-07-25,294.20001220703125,294.92999267578125,291.6499938964844,292.3599853515625,282.2252197265625,2780600
2023-07-26,292.25,292.5799865722656,289.5,291.75,281.6363830566406,2896900
2023-07-27,292.0,298.8999938964844,291.510009765625,295.19000244140625,284.95709228515625,4698300
2023-07-28,295.79998779296875,297.70001220703125,292.95001220703125,294.0299987792969,283.83734130859375,2843000
2023-07-31,293.6099853515625,294.239990234375,290.04998779296875,293.20001220703125,283.0361328125,3296000
2023-08-01,293.0,293.9100036621094,290.25,291.07000732421875,280.9799499511719,1916200
2023-08-02,290.260009765625,293.45001220703125,289.3800048828125,289.6199951171875,279.5801696777344,2388300
2023-08-03,288.79998779296875,291.2699890136719,288.6499938964844,291.0199890136719,280.9316711425781,1910700
2023-08-04,292.4100036621094,292.82000732421875,286.760009765625,287.0199890136719,277.0703125,2517300
2023-08-07,287.8800048828125,291.3999938964844,287.8599853515625,291.3999938964844,281.29852294921875,2176800
2023-08-08,291.04998779296875,291.6000061035156,288.5400085449219,289.5799865722656,279.54156494140625,1948400
2023-08-09,289.0,289.7200012207031,287.8800048828125,288.2300109863281,278.2384033203125,1895800
2023-08-10,288.80999755859375,290.3699951171875,286.7799987792969,287.6000061035156,277.6302490234375,2436300
2023-08-11,287.25,288.9599914550781,286.760009765625,288.6199951171875,278.6148681640625,1760900
2023-08-14,288.7900085449219,289.8500061035156,287.6199951171875,288.80999755859375,278.79827880859375,1712400
2023-08-15,287.95001220703125,289.0799865722656,287.1199951171875,288.29998779296875,278.3059387207031,1883800
2023-08-16,287.57000732421875,288.8800048828125,285.0299987792969,285.3999938964844,275.5064697265625,1829400
2023-08-17,286.1499938964844,286.5400085449219,281.7799987792969,281.8599853515625,272.0892028808594,2148400
2023-08-18,281.7200012207031,283.739990234375,280.29998779296875,281.739990234375,271.97332763671875,2624500
2023-08-21,281.70001220703125,282.2900085449219,278.67999267578125,280.0400085449219,270.332275390625,2682600
2023-08-22,280.760009765625,280.82000732421875,279.0899963378906,280.30999755859375,270.5929260253906,2052300
2023-08-23,282.0199890136719,283.1499938964844,280.6499938964844,281.8699951171875,272.098876953125,2308800
2023-08-24,281.739990234375,284.75,281.739990234375,282.3500061035156,272.5622253417969,2006400
2023-08-25,284.760009765625,286.1400146484375,283.510009765625,284.5799865722656,274.71490478515625,3725200
2023-08-28,284.5799865722656,286.20001220703125,283.510009765625,283.67999267578125,273.8460998535156,2317600
2023-08-29,283.95001220703125,284.57000732421875,280.42999267578125,283.5899963378906,273.7592468261719,2348500
2023-08-30,283.79998779296875,285.9800109863281,283.2900085449219,284.239990234375,274.38671875,2410700
2023-08-31,283.2099914550781,283.79998779296875,280.8800048828125,281.1499938964844,272.86297607421875,2979800
2023-09-01,282.5400085449219,283.1400146484375,279.1300048828125,280.94000244140625,272.6591796875,2136400
2023-09-05,281.0,281.6400146484375,279.05999755859375,279.1600036621094,270.93170166015625,2410300
2023-09-06,278.0,278.6499938964844,275.0,275.44000244140625,267.3212890625,2705800
2023-09-07,277.25,278.989990234375,276.1000061035156,278.3299865722656,270.1260986328125,3732800
2023-09-08,278.0799865722656,280.3500061035156,277.8500061035156,279.2200012207031,270.9898681640625,2351300
2023-09-11,279.69000244140625,280.1300048828125,278.55999755859375,279.760009765625,271.51397705078125,2433200
2023-09-12,279.489990234375,281.5,277.69000244140625,280.7099914550781,272.4359436035156,1450200
2023-09-13,281.6700134277344,282.8900146484375,280.6099853515625,281.7699890136719,273.4646911621094,1724300
2023-09-14,283.3299865722656,285.6000061035156,282.57000732421875,284.760009765625,276.3665771484375,2219700
2023-09-15,283.8599853515625,283.8599853515625,277.7300109863281,278.2300109863281,270.0290832519531,5720400
2023-09-18,278.7200012207031,280.2699890136719,276.92999267578125,277.7200012207031,269.5340881347656,2884800
2023-09-19,276.44000244140625,278.260009765625,276.44000244140625,278.1300048828125,269.9320068359375,2128100
2023-09-20,278.739990234375,280.2699890136719,277.1400146484375,277.20001220703125,269.0293884277344,1979300
2023-09-21,276.94000244140625,277.19000244140625,271.0199890136719,271.2200012207031,263.22564697265625,2370100
2023-09-22,271.3999938964844,273.6400146484375,270.8299865722656,272.2200012207031,264.1961975097656,1958300
2023-09-25,270.45001220703125,271.760009765625,268.9100036621094,269.7799987792969,261.828125,1895500
2023-09-26,268.82000732421875,269.29998779296875,266.5799865722656,267.7200012207031,259.828857421875,2251600
2023-09-27,267.7200012207031,267.94000244140625,262.2900085449219,263.6400146484375,255.869140625,2735000
2023-09-28,264.2300109863281,266.30999755859375,263.1300048828125,265.5899963378906,257.7616271972656,2182400
2023-09-29,267.1499938964844,267.3699951171875,261.75,263.44000244140625,255.67501831054688,3366600
2023-10-02,262.0,262.07000732421875,257.4599914550781,257.75,250.15267944335938,4425000
2023-10-03,257.2099914550781,258.29998779296875,253.8699951171875,254.49000549316406,246.98880004882812,3408100
2023-10-04,255.3300018310547,256.25,254.00999450683594,255.80999755859375,248.26986694335938,2820000
2023-10-05,256.0,257.8500061035156,251.5800018310547,252.22999572753906,244.79542541503906,3799600
2023-10-06,250.0,250.82000732421875,245.72999572753906,248.22000122070312,240.90362548828125,5129500
2023-10-09,247.72000122070312,249.99000549316406,247.25999450683594,249.9199981689453,242.5535125732422,2782300
2023-10-10,251.72000122070312,253.42999267578125,250.5,251.52000427246094,244.10635375976562,3129600
2023-10-11,252.58999633789062,252.69000244140625,249.38999938964844,250.9199981689453,243.52403259277344,2919400
2023-10-12,251.69000244140625,252.14999389648438,245.8800048828125,246.19000244140625,238.93345642089844,3528300
2023-10-13,246.82000732421875,248.80999755859375,246.0,248.30999755859375,240.99095153808594,2646500
2023-10-16,249.22000122070312,250.49000549316406,248.07000732421875,249.94000244140625,242.57290649414062,2774700
2023-10-17,250.08999633789062,251.39999389648438,249.3800048828125,251.13999938964844,243.737548828125,2627500
2023-10-18,252.85000610351562,257.0899963378906,252.33999633789062,256.0299987792969,248.48341369628906,4559200
2023-10-19,256.260009765625,262.55999755859375,256.260009765625,258.3800048828125,250.76412963867188,5646200
2023-10-20,258.9599914550781,260.3399963378906,257.55999755859375,258.1099853515625,250.5020751953125,3778200
2023-10-23,256.6099853515625,257.239990234375,254.5399932861328,254.75,247.24114990234375,3409800
2023-10-24,254.67999267578125,257.760009765625,254.67999267578125,257.2699890136719,249.6868438720703,2468000
2023-10-25,258.1199951171875,259.42999267578125,256.94000244140625,258.0299987792969,250.42446899414062,2759100
2023-10-26,258.3599853515625,259.5400085449219,255.67999267578125,255.8300018310547,248.289306640625,2702600
2023-10-27,256.54998779296875,259.3800048828125,254.8699951171875,255.75999450683594,248.2213592529297,3209000
2023-10-30,260.1000061035156,262.05999755859375,254.60000610351562,260.1499938964844,252.4819793701172,6305100
2023-10-31,263.4599914550781,263.69000244140625,259.75,262.1700134277344,254.4424285888672,3990600
2023-11-01,263.0,263.3900146484375,259.8299865722656,261.9700012207031,254.24832153320312,3543000
2023-11-02,263.5899963378906,267.4200134277344,263.510009765625,266.8500061035156,258.9844970703125,4109700
2023-11-03,267.55999755859375,268.6099853515625,265.489990234375,267.8699951171875,259.97442626953125,3126200
2023-11-06,268.010009765625,269.1099853515625,267.29998779296875,268.9100036621094,260.9837341308594,3090600
2023-11-07,268.79998779296875,269.7900085449219,268.1099853515625,268.6700134277344,260.7508850097656,2360800
2023-11-08,268.8299865722656,270.05999755859375,267.2799987792969,267.489990234375,259.6055908203125,2223300
2023-11-09,268.239990234375,268.3399963378906,265.94000244140625,266.9100036621094,259.0426940917969,2501700
2023-11-10,267.3299865722656,268.1300048828125,265.2099914550781,267.7900085449219,259.8968200683594,2664900
2023-11-13,267.3999938964844,269.7200012207031,267.260009765625,269.20001220703125,261.2652282714844,2591900
2023-11-14,270.0,271.6600036621094,269.3500061035156,271.489990234375,263.48773193359375,2647800
2023-11-15,272.42999267578125,273.1000061035156,269.0199890136719,270.3900146484375,262.420166015625,2575900
2023-11-16,271.07000732421875,276.1600036621094,271.0299987792969,276.1199951171875,267.9812316894531,3593700
2023-11-17,276.54998779296875,277.1199951171875,275.1499938964844,275.75,267.62213134765625,2604800
2023-11-20,275.3500061035156,279.79998779296875,275.0199890136719,279.0299987792969,270.80548095703125,3499400
2023-11-21,279.8699951171875,280.6700134277344,278.42999267578125,280.4700012207031,272.2030334472656,2940800
2023-11-22,281.25,282.4100036621094,281.20001220703125,281.92999267578125,273.6199951171875,2285000
2023-11-24,282.0,282.5899963378906,281.0299987792969,282.5400085449219,274.2120056152344,1218000
2023-11-27,282.6600036621094,283.8999938964844,281.0899963378906,281.8399963378906,273.53265380859375,3703900
2023-11-28,281.5,283.5400085449219,281.3500061035156,282.0899963378906,273.7752990722656,2199600
2023-11-29,282.2099914550781,282.4700012207031,279.5,280.3800048828125,272.1156921386719,2433400
2023-11-30,280.4200134277344,282.2799987792969,278.05999755859375,281.8399963378906,275.1716003417969,5030400
2023-12-01,283.25,286.8599853515625,283.0,285.9599914550781,279.1941223144531,4967400
2023-12-04,284.989990234375,287.3999938964844,284.989990234375,286.1300048828125,279.360107421875,3522900
2023-12-05,286.54998779296875,288.760009765625,285.2099914550781,286.5400085449219,279.76043701171875,3005300
2023-12-06,286.7300109863281,287.3699951171875,283.3999938964844,286.8599853515625,280.0728454589844,2765100
2023-12-07,287.489990234375,288.1499938964844,285.6400146484375,286.7900085449219,280.0045166015625,3131900
2023-12-08,287.3299865722656,287.8999938964844,285.04998779296875,285.5299987792969,278.77435302734375,3623600
2023-12-11,285.55999755859375,289.30999755859375,285.55999755859375,289.1499938964844,282.30865478515625,3353000
2023-12-12,289.1199951171875,291.70001220703125,288.510009765625,291.4200134277344,284.52496337890625,2252200
2023-12-13,291.69000244140625,295.9700012207031,291.54998779296875,295.92999267578125,288.9281921386719,3312300
2023-12-14,294.6000061035156,295.2699890136719,288.010009765625,290.0199890136719,283.1580810546875,4626800
2023-12-15,290.4100036621094,291.75,285.7200012207031,287.2699890136719,280.47314453125,6324300
2023-12-18,288.6499938964844,290.5899963378906,287.55999755859375,290.2300109863281,283.3631286621094,2490100
2023-12-19,290.6700134277344,291.7200012207031,289.5899963378906,290.7300109863281,283.851318359375,2054200
2023-12-20,290.7300109863281,291.6700134277344,288.7200012207031,288.989990234375,282.1524353027344,2398500
2023-12-21,290.57000732421875,291.5299987792969,289.2900085449219,291.3900146484375,284.49566650390625,2313100
2023-12-22,290.70001220703125,292.4700012207031,290.5,291.70001220703125,284.7983093261719,1700300
2023-12-26,291.2200012207031,293.04998779296875,290.8900146484375,292.8599853515625,285.93084716796875,1381500
2023-12-27,292.5,294.6300048828125,292.4599914550781,294.54998779296875,287.5809020996094,1892100
2023-12-28,294.4700012207031,296.4700012207031,294.0,295.8399963378906,288.8403625488281,1907100
2023-12-29,295.8299865722656,296.8500061035156,295.30999755859375,296.510009765625,289.4945373535156,2227500
2024-01-02,295.04998779296875,297.2799987792969,295.04998779296875,297.0400085449219,290.0119934082031,4458400
2024-01-03,297.0,297.989990234375,294.25,294.3900146484375,287.4247131347656,3114800
2024-01-04,295.32000732421875,297.2699890136719,290.9200134277344,291.739990234375,284.8373718261719,4615400
2024-01-05,289.2099914550781,290.3299865722656,287.20001220703125,288.989990234375,282.1524353027344,3406900
2024-01-08,288.510009765625,292.0,287.5199890136719,291.8999938964844,284.99359130859375,3097000
2024-01-09,289.6300048828125,290.8699951171875,287.5199890136719,290.8699951171875,283.98797607421875,2176400
2024-01-10,291.0,294.3900146484375,290.8699951171875,294.0899963378906,287.1317443847656,2199700
2024-01-11,294.45001220703125,294.95001220703125,290.6499938964844,294.1499938964844,287.19036865234375,2047400
2024-01-12,295.4599914550781,295.75,292.8399963378906,293.4700012207031,286.52642822265625,1714200
2024-01-16,293.4700012207031,294.25,289.9800109863281,291.0899963378906,284.2027282714844,2859000
2024-01-17,290.1400146484375,292.3399963378906,290.1300048828125,291.1600036621094,284.2711486816406,2008200
2024-01-18,292.0899963378906,294.4800109863281,291.30999755859375,294.3599853515625,287.3953552246094,2221200
2024-01-19,298.0,301.0799865722656,296.5199890136719,300.5299987792969,293.4194030761719,4240800
2024-01-22,300.95001220703125,302.3900146484375,297.739990234375,298.4100036621094,291.34954833984375,3250200
2024-01-23,297.44000244140625,300.2099914550781,297.1300048828125,300.04998779296875,292.9507751464844,1874000
2024-01-24,300.0,302.0400085449219,299.30999755859375,300.44000244140625,293.33154296875,3209700
2024-01-25,300.739990234375,301.30999755859375,296.0899963378906,297.2099914550781,290.1779479980469,3219600
2024-01-26,295.3299865722656,295.9800109863281,291.70001220703125,292.260009765625,285.3451232910156,4210500
2024-01-29,291.6400146484375,292.760009765625,288.30999755859375,292.30999755859375,285.3938903808594,3899700
2024-01-30,292.1400146484375,294.9200134277344,290.20001220703125,294.6499938964844,287.6784973144531,2524200
2024-01-31,295.8999938964844,297.44000244140625,291.6499938964844,292.7200012207031,285.794189453125,3476200
2024-02-01,291.70001220703125,298.1300048828125,290.2799987792969,298.0799865722656,291.0273742675781,3380600
2024-02-02,296.07000732421875,298.1700134277344,293.3500061035156,297.04998779296875,290.0217590332031,3969400
2024-02-05,287.010009765625,291.44000244140625,283.3299865722656,285.9700012207031,279.2038879394531,7581900
2024-02-06,282.9700012207031,284.67999267578125,281.5400085449219,284.6499938964844,277.9151306152344,5927200
2024-02-07,285.04998779296875,290.5299987792969,284.1099853515625,287.3299865722656,280.5317077636719,3954700
2024-02-08,286.20001220703125,293.1499938964844,284.20001220703125,291.92999267578125,285.02288818359375,4605000
2024-02-09,292.1499938964844,292.510009765625,288.9200134277344,289.4700012207031,282.62109375,3323000
2024-02-12,289.0,291.19000244140625,288.760009765625,289.44000244140625,282.5918273925781,2392300
2024-02-13,288.6300048828125,289.8999938964844,285.6700134277344,287.1099853515625,280.3169250488281,2756100
2024-02-14,287.32000732421875,288.32000732421875,286.5899963378906,288.1700134277344,281.35186767578125,2139300
2024-02-15,287.8999938964844,292.1000061035156,287.2799987792969,291.8599853515625,284.95452880859375,2401400
2024-02-16,290.7900085449219,293.70001220703125,289.260009765625,292.0199890136719,285.1107482910156,2837500
2024-02-20,292.0,295.5,291.8399963378906,292.6499938964844,285.72589111328125,2264000
2024-02-21,293.0899963378906,295.20001220703125,292.25,293.9100036621094,286.9560241699219,2076800
2024-02-22,294.0,296.6700134277344,293.25,295.9200134277344,288.91845703125,3146600
2024-02-23,296.0,298.739990234375,295.07000732421875,297.75,290.7052001953125,2199000
2024-02-26,298.2099914550781,298.67999267578125,296.3999938964844,297.1199951171875,290.0901184082031,2595300
2024-02-27,296.79998779296875,296.79998779296875,293.32000732421875,293.760009765625,286.8096008300781,2811200
2024-02-28,294.0299987792969,296.1000061035156,292.7200012207031,295.19000244140625,288.20574951171875,2507300
2024-02-29,294.20001220703125,294.75,291.7099914550781,292.2799987792969,286.98822021484375,3601700
2024-03-01,291.3900146484375,292.6700134277344,289.5299987792969,290.7300109863281,285.46630859375,3028600
2024-03-04,289.3699951171875,291.239990234375,288.5,290.94000244140625,285.6724853515625,2832000
2024-03-05,291.55999755859375,293.510009765625,288.9200134277344,292.5400085449219,287.2434997558594,2969600
2024-03-06,293.3299865722656,295.1400146484375,292.1499938964844,292.92999267578125,287.62640380859375,2348000
2024-03-07,294.20001220703125,294.9200134277344,291.0299987792969,291.1099853515625,285.8393859863281,2237700
2024-03-08,290.0400085449219,293.4800109863281,288.8299865722656,292.54998779296875,287.2532958984375,2481800
2024-03-11,292.1499938964844,295.45001220703125,291.8699951171875,294.82000732421875,289.4822082519531,2893300
2024-03-12,295.67999267578125,296.3599853515625,293.5400085449219,294.30999755859375,288.9814758300781,2233100
2024-03-13,292.260009765625,293.4700012207031,282.6000061035156,282.8599853515625,277.73876953125,5441300
2024-03-14,282.4200134277344,282.5199890136719,277.8299865722656,281.7300109863281,276.6292419433594,4659300
2024-03-15,281.8900146484375,284.2300109863281,278.3800048828125,279.1400146484375,274.08612060546875,5071400
2024-03-18,279.4700012207031,280.29998779296875,278.07000732421875,278.5799865722656,273.5362548828125,3319400
2024-03-19,279.20001220703125,284.3999938964844,278.5799865722656,282.8699951171875,277.74859619140625,4055400
2024-03-20,283.5,284.6000061035156,281.3699951171875,284.45001220703125,279.29998779296875,2867300
2024-03-21,284.5,285.5799865722656,282.6400146484375,283.5299987792969,278.3966064453125,3653300
2024-03-22,283.8800048828125,284.3900146484375,282.1199951171875,282.6300048828125,277.512939453125,2556100
2024-03-25,280.0,280.5799865722656,277.6400146484375,278.6199951171875,273.57550048828125,2985500
2024-03-26,279.2200012207031,279.45001220703125,277.1700134277344,278.6199951171875,273.57550048828125,2572100
2024-03-27,278.1000061035156,282.29998779296875,278.1000061035156,282.0199890136719,276.9139709472656,2605000
2024-03-28,282.25,283.3800048828125,281.25,281.95001220703125,276.8452453613281,3453900
2024-04-01,281.5,281.54998779296875,278.6400146484375,280.2200012207031,275.1465759277344,2408800
2024-04-02,280.0,280.4800109863281,277.45001220703125,277.739990234375,272.71142578125,2907700
2024-04-03,276.57000732421875,277.9599914550781,275.1499938964844,275.5400085449219,270.5513000488281,2748000
2024-04-04,276.239990234375,276.239990234375,269.9200134277344,270.0899963378906,265.199951171875,4095100
2024-04-05,269.4200134277344,270.6199951171875,266.3599853515625,266.69000244140625,261.8615417480469,6815200
2024-04-08,267.239990234375,268.69000244140625,265.8699951171875,267.55999755859375,262.71575927734375,3753200
2024-04-09,266.2200012207031,269.6700134277344,265.5,269.44000244140625,264.5617370605469,3934900
2024-04-10,266.9700012207031,268.989990234375,265.1099853515625,268.6700134277344,263.8056640625,3817500
2024-04-11,269.5,269.8800048828125,267.1499938964844,268.6199951171875,263.756591796875,2519200
2024-04-12,267.9100036621094,268.2300109863281,266.5799865722656,267.3900146484375,262.5488586425781,2708400
2024-04-15,267.8599853515625,268.5199890136719,266.04998779296875,266.2300109863281,261.40985107421875,3686700
2024-04-16,266.1300048828125,266.989990234375,265.1499938964844,265.42999267578125,260.62432861328125,2912900
2024-04-17,266.5,270.1199951171875,265.5199890136719,269.95001220703125,265.0625305175781,3383100
2024-04-18,270.9800109863281,271.2900085449219,268.8500061035156,270.9800109863281,266.0738525390625,3402700
2024-04-19,272.010009765625,272.2200012207031,270.4800109863281,271.989990234375,267.0655822753906,3016700
2024-04-22,273.75,276.5,272.32000732421875,275.5799865722656,270.590576171875,3129300
2024-04-23,276.82000732421875,277.3999938964844,274.239990234375,276.8800048828125,271.8670349121094,3275700
2024-04-24,275.5400085449219,277.0299987792969,272.8900146484375,276.75,271.7393798828125,4071600
2024-04-25,277.0199890136719,279.82000732421875,274.7200012207031,275.6000061035156,270.6102294921875,4179800
2024-04-26,271.2300109863281,276.1099853515625,270.3699951171875,273.0899963378906,268.1456604003906,3636500
2024-04-29,273.8299865722656,274.42999267578125,272.6000061035156,273.54998779296875,268.5973205566406,3148900
2024-04-30,264.3299865722656,276.8699951171875,262.6300048828125,273.0400085449219,268.0965576171875,6894400
2024-05-01,271.3800048828125,276.42999267578125,270.04998779296875,274.42999267578125,269.4613952636719,4843200
2024-05-02,274.510009765625,276.30999755859375,272.7099914550781,273.2799987792969,268.33221435546875,3084000
2024-05-03,274.1400146484375,274.6199951171875,268.8900146484375,270.32000732421875,265.4258117675781,2642100
2024-05-06,271.05999755859375,271.8800048828125,269.0400085449219,269.29998779296875,264.4242248535156,2481300
2024-05-07,270.0400085449219,270.6700134277344,266.989990234375,267.5,262.6568603515625,3160000
2024-05-08,267.5,268.92999267578125,266.05999755859375,268.489990234375,263.62890625,3259800
2024-05-09,268.4599914550781,268.4800109863281,267.0199890136719,267.95001220703125,263.0987243652344,3140000
2024-05-10,268.1700134277344,275.3800048828125,267.8399963378906,275.0,270.02105712890625,4983500
2024-05-13,275.3800048828125,276.739990234375,271.1400146484375,271.32000732421875,266.4076843261719,3840700
2024-05-14,272.1199951171875,272.7699890136719,268.7099914550781,270.6600036621094,265.7596740722656,3143200
2024-05-15,271.1099853515625,274.3699951171875,270.2300109863281,273.8699951171875,268.9115295410156,2982500
2024-05-16,274.510009765625,275.55999755859375,272.9200134277344,273.510009765625,268.55804443359375,2339900
2024-05-17,274.05999755859375,274.05999755859375,270.9200134277344,272.3800048828125,267.4485168457031,2454500
2024-05-20,271.739990234375,272.1300048828125,267.2799987792969,267.8699951171875,263.0201721191406,2651100
2024-05-21,268.510009765625,269.0799865722656,265.44000244140625,265.8699951171875,261.05633544921875,2362600
2024-05-22,265.8699951171875,266.82000732421875,264.54998779296875,265.7699890136719,260.9581604003906,1906100
2024-05-23,265.1300048828125,265.6199951171875,257.6000061035156,257.92999267578125,253.2601318359375,5636200
2024-05-24,258.739990234375,260.4599914550781,257.5199890136719,258.1099853515625,253.43687438964844,3381100
2024-05-28,257.3900146484375,258.80999755859375,252.64999389648438,253.5399932861328,248.94960021972656,4324700
2024-05-29,253.36000061035156,253.8000030517578,249.16000366210938,249.3699951171875,244.85508728027344,4029300
2024-05-30,250.61000061035156,252.9600067138672,250.10000610351562,252.07000732421875,247.50621032714844,3599800
2024-05-31,254.19000244140625,259.25,253.50999450683594,258.8900146484375,254.20277404785156,6125400
2024-06-03,257.92999267578125,259.95001220703125,255.60000610351562,259.75,256.70306396484375,4342800
2024-06-04,259.3399963378906,263.0899963378906,259.25,262.7200012207031,259.6382141113281,4592700
2024-06-05,261.5,261.739990234375,258.6600036621094,259.989990234375,256.9402160644531,4136800
2024-06-06,260.9100036621094,261.7900085449219,258.92999267578125,260.7200012207031,257.66168212890625,3354300
2024-06-07,260.07000732421875,261.3999938964844,255.33999633789062,256.2099914550781,253.20457458496094,2290100
2024-06-10,256.0,256.0,253.14999389648438,253.80999755859375,250.83273315429688,2867100
2024-06-11,253.00999450683594,254.69000244140625,252.10000610351562,254.27999877929688,251.29722595214844,2729400
2024-06-12,254.8800048828125,256.30999755859375,253.41000366210938,254.47999572753906,251.494873046875,3169600
2024-06-13,253.58999633789062,254.74000549316406,251.17999267578125,253.6999969482422,250.72401428222656,3153000
2024-06-14,252.86000061035156,253.6199951171875,250.61000061035156,253.5800018310547,250.6054229736328,2806600
2024-06-17,252.3000030517578,254.52000427246094,251.8800048828125,253.50999450683594,250.5362548828125,2532900
2024-06-18,253.9499969482422,254.35000610351562,249.35000610351562,250.7899932861328,247.84815979003906,2956300
2024-06-20,250.27000427246094,255.69000244140625,249.50999450683594,253.8000030517578,250.82286071777344,4046500
2024-06-21,258.2799987792969,261.4599914550781,255.61000061035156,259.3900146484375,256.3472900390625,8426600
2024-06-24,259.0,261.3699951171875,257.79998779296875,260.3800048828125,257.32568359375,3901200
2024-06-25,260.1300048828125,260.1300048828125,255.58999633789062,257.3800048828125,254.36085510253906,4252300
2024-06-26,256.6499938964844,258.1700134277344,254.67999267578125,257.8299865722656,254.80555725097656,2796100
2024-06-27,258.0,258.8299865722656,256.9700012207031,258.1700134277344,255.14161682128906,2651000
2024-06-28,257.5400085449219,259.489990234375,252.86000061035156,254.83999633789062,251.8506622314453,8958700
2024-07-01,254.8300018310547,255.33999633789062,249.72000122070312,249.99000549316406,247.0575408935547,3817600
2024-07-02,249.67999267578125,251.02999877929688,247.41000366210938,247.7899932861328,244.8833465576172,3944900
2024-07-03,248.5,250.97999572753906,248.17999267578125,250.0,247.0674285888672,2026100
2024-07-05,251.0,251.4199981689453,248.80999755859375,251.08999633789062,248.14463806152344,2814300
2024-07-08,251.75999450683594,252.5800018310547,247.05999755859375,247.85000610351562,244.94265747070312,3163900
2024-07-09,247.22999572753906,247.39999389648438,243.52999877929688,245.82000732421875,242.93646240234375,4927300
2024-07-10,247.0,250.55999755859375,245.89999389648438,250.49000549316406,247.5516815185547,4092700
2024-07-11,251.22000122070312,255.64999389648438,249.8699951171875,254.8000030517578,251.81112670898438,5546400
2024-07-12,254.25,256.9200134277344,251.80999755859375,253.89999389648438,250.9216766357422,4543000
2024-07-15,253.63999938964844,255.72999572753906,251.19000244140625,251.52999877929688,248.57948303222656,3393600
2024-07-16,251.0,257.30999755859375,250.10000610351562,257.2699890136719,254.25213623046875,4173000
2024-07-17,258.9700012207031,262.04998779296875,257.8599853515625,261.0,257.9383850097656,3711500
2024-07-18,258.0299987792969,262.3299865722656,257.6000061035156,259.5199890136719,256.4757385253906,3421800
2024-07-19,260.3900146484375,260.44000244140625,255.02999877929688,257.2799987792969,254.26202392578125,3470600
2024-07-22,258.29998779296875,259.7900085449219,256.3999938964844,259.5400085449219,256.4955139160156,2759500
2024-07-23,259.67999267578125,260.1400146484375,253.50999450683594,254.0500030517578,251.06991577148438,2653100
2024-07-24,246.32000732421875,254.3300018310547,246.1199951171875,253.3699951171875,250.3979034423828,5983300
2024-07-25,254.19000244140625,256.0899963378906,251.10000610351562,251.4600067138672,248.5102996826172,3323100
2024-07-26,252.89999389648438,254.0500030517578,250.75,252.0,249.04397583007812,4002900
2024-07-29,253.5500030517578,263.92999267578125,250.22999572753906,261.4200134277344,258.3534851074219,9381000
2024-07-30,261.0,267.3699951171875,260.30999755859375,266.44000244140625,263.3145751953125,4936600
2024-07-31,265.4200134277344,267.6700134277344,263.20001220703125,265.3999938964844,262.2867736816406,4652100
2024-08-01,266.82000732421875,268.7699890136719,262.3999938964844,268.75,265.5975036621094,4936000
2024-08-02,269.3999938964844,276.80999755859375,268.79998779296875,276.69000244140625,273.4443359375,9585900
2024-08-05,274.0400085449219,277.8699951171875,267.67999267578125,268.45001220703125,265.301025390625,6794900
2024-08-06,269.8599853515625,273.20001220703125,268.0799865722656,270.05999755859375,266.8921203613281,3369300
2024-08-07,269.55999755859375,273.1400146484375,268.5799865722656,269.3699951171875,266.210205078125,3540000
2024-08-08,268.92999267578125,273.6499938964844,268.0799865722656,271.19000244140625,268.0088806152344,3227200
2024-08-09,271.70001220703125,271.70001220703125,266.9599914550781,267.9100036621094,264.767333984375,2664900
2024-08-12,267.4599914550781,269.5299987792969,265.3299865722656,269.4599914550781,266.2991638183594,3008100
2024-08-13,270.30999755859375,272.0,267.5400085449219,270.30999755859375,267.1391906738281,2603600
2024-08-14,269.8599853515625,271.510009765625,268.5,271.1499938964844,267.9693298339844,2242100
2024-08-15,272.0,275.760009765625,271.8500061035156,274.8699951171875,271.64569091796875,2445200
2024-08-16,274.75,279.5,274.70001220703125,278.489990234375,275.22320556640625,3286000
2024-08-19,282.3299865722656,288.32000732421875,281.7200012207031,287.54998779296875,284.17694091796875,5268800
2024-08-20,286.5,290.2699890136719,285.2099914550781,285.6300048828125,282.27947998046875,3697600
2024-08-21,287.1499938964844,289.9700012207031,286.2699890136719,289.7099914550781,286.3116149902344,2686300
2024-08-22,289.54998779296875,290.5,287.54998779296875,289.2099914550781,285.8174743652344,1746400
2024-08-23,290.3800048828125,290.7799987792969,287.1300048828125,289.5199890136719,286.12384033203125,2145900
2024-08-26,289.25,292.2099914550781,287.8699951171875,288.67999267578125,285.293701171875,2018500
2024-08-27,289.0799865722656,290.29998779296875,288.05999755859375,289.6400146484375,286.2424621582031,2897600
2024-08-28,289.95001220703125,290.9599914550781,285.260009765625,287.04998779296875,283.68280029296875,2603800
2024-08-29,287.7799987792969,289.1099853515625,284.7799987792969,287.8599853515625,284.4832763671875,1797100
2024-08-30,287.55999755859375,288.8800048828125,286.2900085449219,288.6600036621094,285.2739562988281,2528500
2024-09-03,286.3599853515625,288.2099914550781,283.7099914550781,285.5199890136719,283.8127136230469,2902800
2024-09-04,286.54998779296875,288.9700012207031,285.989990234375,288.0299987792969,286.3077087402344,2558300
2024-09-05,289.0,289.54998779296875,286.239990234375,287.9700012207031,286.2480773925781,2412500
2024-09-06,287.82000732421875,292.19000244140625,287.57000732421875,289.510009765625,287.77886962890625,3863600
2024-09-09,290.0299987792969,291.739990234375,287.79998779296875,291.2900085449219,289.5482177734375,3208600
2024-09-10,292.80999755859375,296.2300109863281,291.0400085449219,291.2699890136719,289.5283203125,2497100
2024-09-11,290.8299865722656,291.44000244140625,285.8299865722656,290.2300109863281,288.49456787109375,2747500
2024-09-12,290.1700134277344,292.69000244140625,288.260009765625,292.3500061035156,290.6018981933594,2274700
2024-09-13,294.489990234375,296.739990234375,292.6199951171875,296.5299987792969,294.75689697265625,2205500
2024-09-16,297.4200134277344,300.1099853515625,295.0400085449219,296.69000244140625,294.9159240722656,2916200
2024-09-17,297.0,297.3900146484375,292.1700134277344,293.75,291.9934997558594,2997400
2024-09-18,293.8800048828125,295.1000061035156,290.3699951171875,292.0299987792969,290.2837829589844,1788200
2024-09-19,294.25,295.0799865722656,290.8999938964844,293.8500061035156,292.0929260253906,2271400
2024-09-20,292.94000244140625,298.04998779296875,292.8299865722656,296.8299865722656,295.0550842285156,5817300
2024-09-23,299.0,300.2200012207031,296.8900146484375,299.05999755859375,297.2717590332031,2312400
2024-09-24,299.05999755859375,301.45001220703125,297.70001220703125,300.2699890136719,298.4745178222656,2408100
2024-09-25,300.3299865722656,301.79998779296875,298.3999938964844,300.4700012207031,298.67333984375,1986200
2024-09-26,301.1499938964844,304.2900085449219,300.739990234375,303.6499938964844,301.8343200683594,1971100
2024-09-27,303.5199890136719,306.9599914550781,303.5199890136719,303.69000244140625,301.87408447265625,3402800
2024-09-30,303.75,305.0299987792969,302.1000061035156,304.510009765625,302.6891784667969,2286500
2024-10-01,304.510009765625,305.2300109863281,302.25,302.9800109863281,301.1683349609375,3036200
2024-10-02,300.5799865722656,304.0799865722656,299.5799865722656,303.760009765625,301.94366455078125,2352400
2024-10-03,303.5,304.0199890136719,301.260009765625,303.45001220703125,301.6355285644531,1802500
2024-10-04,303.04998779296875,305.8900146484375,301.3800048828125,303.760009765625,301.94366455078125,2432400
2024-10-07,303.760009765625,305.1199951171875,300.0,300.8500061035156,299.0510559082031,2091800
2024-10-08,302.6400146484375,303.3500061035156,300.3599853515625,301.8999938964844,300.0947570800781,2038300
2024-10-09,302.94000244140625,305.010009765625,301.9599914550781,303.8299865722656,302.0132141113281,1854100
2024-10-10,304.0299987792969,305.75,302.92999267578125,304.0400085449219,302.22198486328125,1739500
2024-10-11,304.4200134277344,305.5,302.9700012207031,305.0400085449219,303.21600341796875,1775600
2024-10-14,305.1499938964844,310.4200134277344,304.5,309.8399963378906,307.9873046875,2376300
2024-10-15,312.0,315.3599853515625,311.010009765625,313.3399963378906,311.46636962890625,3067100
2024-10-16,313.32000732421875,313.7300109863281,310.1099853515625,312.9200134277344,311.04888916015625,1821300
2024-10-17,313.9800109863281,315.04998779296875,312.4800109863281,314.70001220703125,312.8182373046875,3095200
2024-10-18,315.57000732421875,317.17999267578125,314.2300109863281,316.55999755859375,314.6671142578125,2531200
2024-10-21,317.1300048828125,317.8999938964844,314.4100036621094,314.8900146484375,313.0071105957031,2404100
2024-10-22,314.0899963378906,315.739990234375,313.29998779296875,314.69000244140625,312.80828857421875,5889100
2024-10-23,292.7699890136719,301.6000061035156,290.8299865722656,298.57000732421875,296.7846984863281,18792000
2024-10-24,299.1199951171875,302.3900146484375,298.2799987792969,301.5799865722656,299.77667236328125,5522600
2024-10-25,301.0,301.6000061035156,292.20001220703125,292.6099853515625,290.8603210449219,8863200
2024-10-28,299.20001220703125,299.9200134277344,296.5400085449219,296.7900085449219,295.0153503417969,6656000
2024-10-29,297.6000061035156,302.70001220703125,295.0,295.0,293.23602294921875,9048900
2024-10-30,294.5,295.3699951171875,289.8399963378906,291.5199890136719,289.7768249511719,4924000
2024-10-31,292.25,294.3800048828125,291.1700134277344,292.1099853515625,290.3633117675781,4277400
2024-11-01,294.510009765625,296.8800048828125,293.2799987792969,295.2099914550781,293.44476318359375,4131800
2024-11-04,294.739990234375,294.9599914550781,291.79998779296875,292.8500061035156,291.0989074707031,2583100
2024-11-05,293.75,297.3800048828125,292.55999755859375,297.32000732421875,295.54217529296875,3032100
2024-11-06,300.2799987792969,300.3299865722656,292.7200012207031,294.0,292.24200439453125,4646400
2024-11-07,294.8399963378906,296.5400085449219,293.80999755859375,294.6600036621094,292.8980712890625,3357400
2024-11-08,295.6000061035156,301.8299865722656,295.25,298.9700012207031,297.18231201171875,3279100
2024-11-11,300.489990234375,303.80999755859375,300.0199890136719,301.5299987792969,299.72698974609375,2872400
2024-11-12,300.1400146484375,301.3999938964844,297.5199890136719,298.6499938964844,296.86419677734375,2452900
2024-11-13,298.8999938964844,299.1300048828125,295.2200012207031,297.3500061035156,295.5719909667969,2327100
2024-11-14,298.0,300.1099853515625,296.5899963378906,298.55999755859375,296.7747497558594,1932600
2024-11-15,297.7200012207031,299.5,289.7200012207031,292.6300048828125,290.8802185058594,4039400
2024-11-18,293.010009765625,295.44000244140625,290.7900085449219,291.1000061035156,289.359375,2866100
2024-11-19,290.0,292.07000732421875,287.6000061035156,290.7300109863281,288.9915771484375,2353300
2024-11-20,290.6199951171875,291.32000732421875,288.260009765625,290.9100036621094,289.1705017089844,2524600
2024-11-21,285.0,288.6000061035156,283.4599914550781,288.4700012207031,286.7450866699219,4475700
2024-11-22,288.4700012207031,290.6000061035156,288.1400146484375,290.2799987792969,288.54425048828125,2879100
2024-11-25,291.7699890136719,296.6099853515625,291.7699890136719,296.19000244140625,294.4189147949219,5021800
2024-11-26,297.0,297.2799987792969,294.8299865722656,296.3299865722656,294.5580749511719,2254200
